0.9760752999452655,0.029186146102003097
0.03766053942327752,0.9981992823858027
0.21675264456020593,0.5434553565392896
0.04330063783163174,0.7802477382964481
0.7765670698922307,0.6776676442740484
0.436613148765726,0.639314229416983
0.44425936680935796,0.455552005219632
0.5740873593606144,0.8175277289147225
0.8166867641785,0.041431605868636145
0.6680036091956645,0.06523187060199676
0.581386859601227,0.2755303131978504
0.3422772633770049,0.8761979162267689
0.4902040949402483,0.41082388757840893
0.826918859895525,0.6053189833355155
0.8410160145049705,0.29205753048544547
0.4927429001907392,0.7688103128787636
0.864992750137541,0.9119336035820194
0.01902270601633982,0.5245122297069928
0.7741269396666297,0.5397785447374319
0.44072227614608384,0.5323774382602403
0.0439494816401822,0.36288248025055836
0.7205229416190935,0.8866375890790916
0.5666751183882741,0.24223995382888075
0.6892310495748488,0.6720689100731739
0.6838222946990679,0.7285440236368491
0.3630245049477069,0.10866527189268638
0.4664559302565332,0.26838274665969686
0.0831757824052699,0.2713314313130444
0.6618732473197144,0.9503597512890319
0.8458266238261233,0.8794345270196212
0.9017265492252945,0.28549180888696046
0.5804321739339864,0.042172069491743014
0.8825794043399837,0.23783246764364796
0.7484282973118032,0.4401302719905563
0.17705590530739834,0.32904080155640614
0.5111601226907571,0.3624457709273995
0.08392890234730122,0.28787692886782723
0.9108547655229687,0.9832372946134398
0.31011624059077625,0.9596425570920862
0.5045563184991724,0.7196256208110935
0.4721154155573464,0.4988079122919358
0.08565857258189213,0.7295285699623436
0.8570268081732524,0.20594168047581995
0.1753354157773106,0.33839114972460416
0.26407697199539437,0.8528361525208605
0.0719933441562598,0.5507702547394828
0.9708299738421715,0.8890510757028117
0.7890611247403285,0.3470257156912585
0.8474749169884207,0.16959695915799577
0.5526635308891678,0.527622346257105
0.9465409962640723,0.460837797411628
0.08843657164055974,0.5243906748557975
0.35096911487072935,0.9373625221871422
0.5313434072777935,0.669568443235509
0.6106633941033717,0.00554444554208644
0.7629109771767532,0.4387199662754284
0.027497788805567525,0.5940266445678728
0.9755070802837176,0.004266569515131269
0.9317981094428464,0.1705618420730317
0.7274094821073657,0.42993516964501155
0.40370855035073994,0.912947734677803
0.9601063026813662,0.6398115852800874
0.8458246358081958,0.49614622868329716
0.6686603884930294,0.5226577266186743
0.6413723338797583,0.2845305539577281
0.03036440592643075,0.0778372844137859
0.6635794782709411,0.9016414223427582
0.34085615258654833,0.304023748319993
0.308839931096598,0.9267812950786345
0.8797464374647631,0.44726799101389103
0.9237750494098318,0.19523295515582006
0.9874664843251109,0.6170747169117853
0.8302423749787207,0.48714953052945276
0.13987933605823633,0.8803423154729834
0.34059105146434077,0.6817695713674671
0.8579677051757099,0.10430204306694768
0.40692387089284654,0.6706473038926006
0.6899148186862553,0.8786877516549056
0.581733841332954,0.7788262889826332
0.9196086141156996,0.37106714151500886
0.7379022914806138,0.06329520589294657
0.14335668700708015,0.11162825306365842
0.43618489232927216,0.5690048953393764
0.44100255136503064,0.8428481695681131
0.5997554786523157,0.7226068079710891
0.27578889250083427,0.568602320308483
0.952697536290915,0.6433599226673148
0.4834921426434766,0.9827212610050361
0.07182545418829833,0.2967897607002342
0.19544655713192327,0.886114755616892
0.21632375484223532,0.23084358493191126
0.11584095759719792,0.10502839861506452
0.4000941125485278,0.8201786960131633
0.983031935584879,0.3495963192173013
0.5931864684885795,0.826895879055449
0.0014994471456827307,0.5128957972822998
0.988696899628285,0.8704881403789511
0.8176695353783812,0.6273939245953425
0.6256055216756681,0.027234601750576903
0.11056645894837558,0.006730314026347273
0.10936434707785303,0.6155341879655966
0.2328015016374284,0.7304916706569761
0.5354610309018327,0.6060437952752302
0.15608272703506665,0.820094874592778
0.7758586102268868,0.7950079282131159
0.03438772452389771,0.6537001024625346
0.3987913624150241,0.15828905575022545
0.12732192673474552,0.33576346249815703
0.10926568195534037,0.24742755415706275
0.49197546084416577,0.4338076984947892
0.2782855678384395,0.6526251194214138
0.5226322329931553,0.23180827469552667
0.4655159762991088,0.9506144889190697
0.6156507884998189,0.2561599156505815
0.27270082249645256,0.433557528127847
0.3319840095395419,0.3252852591731408
0.5280460807719671,0.4071175928661511
0.24110132697366016,0.93437574449273
0.11968930501656438,0.1949739526215517
0.6123129503983654,0.2150924552433532
0.6298123659552456,0.42402177893967397
0.6539280953236595,0.019410681600758095
0.4753875320163714,0.9447652543252748
0.061752630258739116,0.3610030771169783
0.21468405487210807,0.8313363961302606
0.05150434055273079,0.16210370145253916
0.7000997466275793,0.6339949103216964
0.5530890574749595,0.9997590795765463
0.9290065663479709,0.7047856635473239
0.28773198371959163,0.48900914410865126
0.2493655543733403,0.34822756771052077
0.9155000296308418,0.7868726561919329
0.18177910816440457,0.5426880704323834
0.44790232833441346,0.8725226657184937
0.3550334451499806,0.3360923150371554
0.19625601164570283,0.28475173638389983
0.3180869428599231,0.8269920148469846
0.2249241387228571,0.6058704868180218
0.9913290774959191,0.10264635522943788
0.8784933130175492,0.45586123105217913
0.9609172455536791,0.31624906248962814
0.08095166163024936,0.24944685469927008
0.8037833808909609,0.44147269727910643
0.8156794048101061,0.35585295172974396
0.8196421437485562,0.294367870721988
0.6062987901433214,0.5383412984643754
0.7828020203581721,0.22239456356722964
0.49292016128144267,0.23348230004219794
0.6588812633820454,0.3079497478828137
0.5143036456377182,0.9209441332406483
0.395217406876165,0.01693116805029038
0.5210041596044415,0.12668249266882248
0.9649190931549549,0.5440433789752991
0.10986914529458536,0.5981483646973227
0.04009551125621247,0.8509571559044412
0.04624897304870612,0.9057895985524941
0.43988235171955237,0.8130561705473843
0.3259411803338701,0.8190514051374727
0.06659599807496142,0.24152026895263534
0.22546276821743816,0.24600217874668062
0.4977657493913331,0.5386588174559781
0.7276223929692838,0.04686251511663475
0.7622178329644174,0.9584972359491514
0.4813463173629471,0.4803546288538736
0.40797901489048516,0.8936461774188461
0.531811581373688,0.3220480047636586
0.12538367685970808,0.7363530826977339
0.9081523118869043,0.7746550347531195
0.47668654144701295,0.7572107268915229
0.08231397285430453,0.9736417619915517
0.6289880966433503,0.7889811216445892
0.6959471873800871,0.8042785377478624
0.7666890141261449,0.33793714447200396
0.6602494233968197,0.5448355000400016
0.4879017253376826,0.5527697942291542
0.6334590436939114,0.731525676184209
0.06114581579349043,0.47317019254864734
0.6998347533342407,0.5569066259544075
0.24151718642226638,0.33667887473170965
0.28935544426150317,0.06582764529060392
0.3696307689664653,0.1396439022191448
0.5688945845215343,0.0976161067513035
0.12423508028783148,0.6029900163283256
0.04045200079529654,0.6857459546887706
0.6186525453134033,0.11803929661825507
0.8323880088157802,0.8770261980051853
0.019958661779376108,0.9320237668064095
0.6913618784002442,0.9009269190891221
0.4836853095127531,0.7634398544343289
0.4274452122283101,0.8725673535578221
0.5547472612860097,0.01098231377667891
0.6959495369746007,0.09631659655476466
0.5449227308853425,0.022692150787914867
0.7853046289973201,0.7281589452359655
0.6727887298506259,0.6897544006764275
0.7980890117141105,0.11250672478450385
0.63877660462846,0.8154955318801655
0.8219263715038135,0.41973107888774563
0.6874007919077,0.24667206591010538
0.28238169604000696,0.7446017425612629
0.16110406756464657,0.5158593723385213
0.32253147418121986,0.44661565868562225
0.10942462837973388,0.3896424619016827
0.4371657546994627,0.032650146411961956
0.6313334289829069,0.7692153371320775
0.4702788877524964,0.11992492435537927
0.8631813183578269,0.14538418238682882
0.911482057297067,0.6555718843343311
0.6009176439833779,0.4406537424181687
0.264018569059299,0.7066894730886178
0.8446658428664334,0.21162956711779213
0.18012564538083586,0.009847316859753485
0.918208602806242,0.327695256070196
0.3656777086467846,0.3057757314618823
0.8246671904217222,0.5895939295309364
0.9570569009807061,0.638332923512237
0.7536914460654518,0.7942905021278402
0.3965168336881566,0.5909160985411644
0.07517678926760385,0.6705498950823624
0.9711772227893314,0.0004980163090090306
0.9230282177816154,0.7791326055184706
0.34564146373785365,0.9692186425198908
0.17592786294565532,0.35009624721041976
0.7813775140779836,0.5814222656503052
0.02536250101376647,0.23740347621815083
0.20805083520965262,0.39589978499531653
0.550693189764572,0.5534716245224969
0.6158899530639944,0.06694391499231755
0.7440050682697986,0.6789601916361467
0.5940157385690868,0.7026899190750081
0.24789560350106143,0.4748654488807572
0.21827934004059157,0.739804844818675
0.8280033166300408,0.3893761444867453
0.4364936752063274,0.7069981690694433
0.48352523227817357,0.8240485293437751
0.261068930697511,0.19755749319278926
0.5293782293613704,0.046829216666661955
0.7557056690281381,0.7107637539433372
0.5259673258153417,0.16317927892106343
0.11681893497292506,0.916461003237564
0.14799501508019453,0.031042648180028887
0.9605579360124428,0.19509877088925798
0.781554401622563,0.5990953092645991
0.6799929560430479,0.8896018867810382
0.04202363391281039,0.03962048696134457
0.7896837391192644,0.09678061706985941
0.2662568145046931,0.3640345512264386
0.9846317826021778,0.48488581762932625
0.31565002507194273,0.09412501845616039
0.2400715156256359,0.8228266877832805
0.21102045669693326,0.42055826246812855
0.9127463098241908,0.08475144246912791
0.45914253772139124,0.20166786373265788
0.9930565767397919,0.8993990671873736
0.9062851648108728,0.6672517525233166
0.4582985289108814,0.031328166246703426
0.7787603206589055,0.5741443043216475
0.4274124625148119,0.8784003938198952
0.7159364491228531,0.8399596748106489
0.01603216346125136,0.04905587011962409
0.6473837048020372,0.04356365978319443
0.8699516388291998,0.9862347575469614
0.6648392252515349,0.45763979349418094
0.5492041227158962,0.736848633599519
0.6212114858708634,0.6554773247878468
0.3918614766428803,0.9900630298460936
0.27155170682543905,0.6632914757638552
0.6430713261961267,0.03361523662701904
0.9713025469222009,0.7665840804411891
0.5173874679538928,0.007677621388480826
0.5622548002356732,0.048246796978901885
0.44193287968039907,0.7995252173044017
0.23537994370078685,0.5327415205112377
0.5706310175667253,0.4848163047066564
0.9201896246021656,0.030304277712187355
0.9071106403639028,0.1832998584804314
0.21752334746206825,0.31999962823535044
0.6100987729379287,0.7165822490225304
0.3916846033129908,0.6359473344511744
0.7236502215232483,0.8213005657024638
0.9825119370287493,0.9421302515904305
0.6518956896389074,0.6898957334253956
0.6285473002119785,0.6853516831253247
0.6465569485342201,0.7259489970866436
0.2515185211938985,0.5855627485120772
0.2550654377698761,0.3660724458151893
0.4890784353890101,0.9952110742547912
0.7267043721538852,0.014821922394696041
0.7019593729113703,0.8138324136491799
0.7436822129200229,0.0703954996443753
0.7504598930919154,0.35237171162144554
0.16961845815513232,0.3646944681887353
0.8951668717554284,0.8759247644138946
0.41246217511182215,0.8136875332022986
0.13900714748830134,0.20850439511247532
0.34434469837643156,0.08008195551995889
0.5417999012782768,0.5822318553412609
0.04402740661788007,0.1705544980042779
0.914844213433285,0.9586559768229397
0.4016624045185069,0.9057012534956685
0.8783489945213198,0.15344312624968892
0.2944932239880851,0.8462105100566746
0.49022830252086547,0.9184599141747011
0.3006404840590502,0.22401513661434136
0.9757682511648543,0.8955490884308934
0.061715153077095075,0.5256882459470992
0.1563818965455661,0.6778405556768756
0.5926095139044387,0.15087926193220103
0.6170545134566375,0.9951475805368347
0.08999220554407683,0.983870020763024
0.44606718268403556,0.16358147821873326
0.05392392083981479,0.7133276826943237
0.3483740142081674,0.578381456122557
0.7034693930589297,0.9554974857712168
0.7658041332256369,0.43033716241312514
0.3696400933866144,0.9046611824139396
0.6170359063578911,0.9335491539362049
0.44381399009041556,0.3127138408789232
0.2476716743055074,0.8037963354068159
0.03652953803603309,0.6858388112216085
0.6573499325182548,0.5957366226756058
0.11743048292085212,0.05949615039572831
0.04089663429275425,0.6080872803878158
0.843249871695749,0.9790552657234349
0.03138317519812284,0.41451807465026
0.6160689308296331,0.9336397453918557
0.5670038412508329,0.727282190504978
0.4472340087106863,0.6236527488270369
0.6573129994973823,0.5637173722944194
0.478991329578922,0.12593185158768072
0.49897132857684046,0.21032982945984702
0.5102765897557405,0.2152636361116007
0.5277499778021245,0.9633767514284762
0.145989949449282,0.5538012719920309
0.9329969914226488,0.12622312460790786
0.47124478903029665,0.5796368491320409
0.5052484708120976,0.9785349360352897
0.9249701170384974,0.28078550686712944
0.5422118643642285,0.9099311594635225
0.3793543357347563,0.8992136984018173
0.9079507009503971,0.48786643356866544
0.589641222786714,0.242722024701441
0.9173952160880392,0.27448811343984125
0.20090699160328618,0.2810552771128362
0.8492856480125275,0.5353075438392394
0.5302751904189675,0.4897362139323177
0.8252883288736574,0.35294004693862413
0.6002936636694758,0.9432965010512512
0.2606799494585663,0.6373691734434956
0.42462778807285895,0.021167963372693888
0.538602299042518,0.6916583928532578
0.863152481991037,0.842721988861045
0.05008985917193365,0.7486124508520131
0.45945919614183595,0.3099604646183568
0.9001408423827257,0.6099262350750457
0.21658743238379907,0.03612823079084437
0.6629610535270546,0.42558531449163495
0.46119067760000987,0.6238007071537163
0.5191427822969924,0.3530409435538847
0.042636545586354435,0.957566054215722
0.08591792775628582,0.21049460086939709
0.8473170078470642,0.8275793171115043
0.35403461640206046,0.33359111492920024
0.6697975824570345,0.6968701808497038
0.7312647430660654,0.9987744614425351
0.2953026938448625,0.0825661093789255
0.997324255356369,0.9355310966790668
0.11864998198586985,0.5633062466811175
0.5187304634358343,0.8568469166807127
0.19083996921387147,0.945035581586628
0.27463299449593237,0.760355501309188
0.4368157180453962,0.6076089609534434
0.7467828891167183,0.42234802882153333
0.06303526487930122,0.4777592090991801
0.4479320733573132,0.7577283471600984
0.7739306515429125,0.4776412172643645
0.10686620976820138,0.13439012618092305
0.9927263525192563,0.4493349482511443
0.10609564949300065,0.5662687598001656
0.0651338003731311,0.9648441577240296
0.13976941532786846,0.2694538310310962
0.1942610989305732,0.3287972881858999
0.9285539948004267,0.6669330933912067
0.10791868415429895,0.17537635215803415
0.5776137982887215,0.43132021294944733
0.1828745992676789,0.9977311563063324
0.020046614184637934,0.6952921093328572
0.7003930454792486,0.5504776882631061
0.8234872456036915,0.8101343876203572
0.9871585599887912,0.04633146964818202
0.350421525636454,0.27541786385347733
0.7502738289926735,0.2360334469401908
0.2908416296685491,0.2874005626024725
0.6770801716062329,0.1554478151108435
0.7478173974335143,0.6095064150771329
0.17497684293786064,0.5334898699483794
0.008146727143049315,0.9018603852504383
0.2541025961832084,0.8466956188502953
0.6202616214680274,0.5421343011637217
0.35802940924132776,0.6589394265905901
0.63427631725565,0.27256852951773614
0.8702805040972977,0.7668329077814902
0.7976290146036207,0.2658801278356445
0.8676585248782014,0.5325899538853759
0.3544620966481288,0.5756882633051613
0.8424095258132435,0.27109274531326344
0.6178399121649072,0.8204149917286895
0.3415486936083494,0.003982446551133889
0.4005368929634282,0.7843693717261953
0.061041816901922785,0.6272408190247123
0.8189476389376186,0.6074422916888311
0.6066670440411681,0.20951940201061148
0.3581847616266439,0.6584743160194955
0.13489710691478296,0.5217299106491023
0.26770716811026707,0.010756952246424922
0.9423713518010792,0.2410261103888175
0.19571620718708138,0.48511833036553076
0.45994379637853033,0.44735878796155815
0.04788465933242503,0.4812246021479991
0.3022885399792039,0.919455432979385
0.1978243755078264,0.8084577856100076
0.8182716216434917,0.28639230456530396
0.0026487743092943328,0.3843836915087868
0.5744864983785851,0.8370835601367282
0.6219194296769341,0.42348047278364265
0.8978096705436236,0.8856240637966853
0.9851375426890964,0.4372269351274948
0.10861082886677498,0.4609918065926266
0.0231013111473366,0.44887714645333476
0.27301208923067655,0.910120262158225
0.46029743722037364,0.6366623283821577
0.5459974327344388,0.5787703125819116
0.06240231138633179,0.9267918298622129
0.6885943927299589,0.0005206018721354289
0.7978128266324486,0.5896606807221694
0.3441371580401569,0.11035658435180873
0.8812226074717692,0.6912074668900697
0.5113134971986935,0.7888522400223422
0.27095906220999166,0.18821747615563644
0.6628475102401947,0.02683411527054491
0.19355356798727907,0.7261264079489949
0.018701616503119523,0.7774260240666672
0.4260592925472253,0.8792652045472644
0.06821133005816016,0.8386867641339828
0.9933234485000342,0.3420750248025183
0.8431208010651303,0.3225884414005371
0.4428349973746689,0.7745793681640892
0.07415518656952136,0.6494771569226967
0.23885883852106304,0.36572071286965
0.4861289869434594,0.6014065527170942
0.011988735998242905,0.14910522401769288
0.7194135082999153,0.5920078088533626
0.27018988223352114,0.37275357709793755
0.7367655893523657,0.4087977835679898
0.5884923822959077,0.7305434701666733
0.7556744595560344,0.5801009744651079
0.9125108133275683,0.02393941299625091
0.5819722331634226,0.9799954789723336
0.5492711987289859,0.8605614231095492
0.8092261753158498,0.34740008597556016
0.8199251949577968,0.6797610556242438
0.9053853582860922,0.5298062110220763
0.18769660957399237,0.3321165446219938
0.4027613080918887,0.527484036113428
0.38898044778126095,0.5840998270124316
0.7910262115801417,0.7893131779657426
0.6788878853929556,0.6457989692547144
0.020343252434450565,0.2751666550117261
0.12784383124882903,0.32513325221616407
0.949852128175327,0.8834661452704415
0.4205621726497053,0.5294233493092269
0.39631962492561057,0.5839328999208612
0.12534433345146279,0.1417297817937585
0.41356620085891505,0.46874636246999435
0.2562248784211577,0.3366139479475675
0.8709108674419274,0.6889710166690577
0.9057455183506333,0.26970451303518495
0.11165739031654243,0.10258520529423998
0.8203899572312923,0.24822364085093396
0.05077682899409164,0.885095802416925
0.5365462803331724,0.9464086073676795
0.3209083125252261,0.2209314862990318
0.20517746992847352,0.019715835788069902
0.2220571281235888,0.689095518481531
0.7701894328153741,0.6710829419514254
0.8260548177873106,0.623454656620051
0.6829595556740912,0.7481377225788554
0.3132245796514591,0.31984984740302913
0.5132079327186925,0.694711646132075
0.018881950890338506,0.01988624815456519
0.7396870934305919,0.4544133961496304
0.6256704054816543,0.6655497143283066
0.3296651312486276,0.4400076729597727
0.9734019551624681,0.015144628531197135
0.7856468267562927,0.8426814033992477
0.1621559847095444,0.4359248596320634
0.6674279623385281,0.19805704731532559
0.9109759790924269,0.8221165252014173
0.3907792840248858,0.8672733788490437
0.9272424111409143,0.9441427113441587
0.13814089264120943,0.9909168465827162
0.7006071528878554,0.19019504332256287
0.7393079140767059,0.7098289697936725
0.25804814069291104,0.7744764910690187
0.977900355305715,0.5750484426725649
0.8971389299877658,0.26605223036092807
0.45556121094083424,0.07863171497380961
0.1814411872056737,0.7049044839721336
0.7766551869946365,0.7142428388517511
0.5107386250300486,0.5325665229738105
0.42400076056089775,0.6606062888432965
0.8460968445562794,0.8083900743051813
0.7452888634729146,0.04614007968254952
0.3619036414175366,0.3901115784538204
0.7103136389229847,0.37658735870137205
0.8184589645820644,0.47580898360387924
0.25039516991038213,0.6603209153246977
0.6235275634734532,0.16288176733303883
0.10466398407515398,0.028259049202371544
0.9384119599913926,0.6507439803684196
0.9456417196924561,0.3744468919702484
0.9504505238737487,0.34939202974424266
0.9374541505091197,0.007816535231442767
0.06009915379007347,0.3240141861364255
0.5582958274785816,0.5469417114050292
0.6103348187140345,0.7750871180094611
0.5574833388719087,0.6183713082227078
0.7841476530540761,0.25146951333346446
0.9070197418080455,0.12656054557046859
0.11069739355411923,0.36385909536375494
0.9398322785151455,0.9758654536367628
0.5321898563245973,0.1491056591116079
0.6501183696216375,0.07898548595870913
0.4601540227825104,0.8576481508507984
0.02063114388986742,0.8042401326106261
0.9192414239838594,0.9677754344733956
0.9432006214575537,0.30693133978817344
0.016359252149993564,0.38148034481631277
0.8542261986881408,0.6435272266187024
0.29253004779478886,0.3639186268207829
0.4663215751998606,0.14773907910896422
0.9702179563702792,0.9889194975786226
0.3139183956799886,0.2108580639008374
0.03487670876246629,0.2867485479843038
0.5221803205563329,0.532012250504963
0.4603439549629378,0.8323346385214551
0.6409815205759306,0.6880028115096002
0.8768344061977998,0.9226947770642601
0.3051763766389597,0.3616063765665406
0.5031138555572268,0.0543263844466626
0.2607918605130609,0.3125334136280885
0.9116851673593068,0.36804595076884505
0.1534325847626974,0.3957900112796985
0.7446040702370484,0.516714347161741
0.12022485025893526,0.02579718317166313
0.8682369984703835,0.8864099814190838
0.6892682076016637,0.9269084123743274
0.8251626511352084,0.5193288518874922
0.952594995048407,0.9542883202538405
0.14912301425200336,0.6899005165964668
0.7086521747641147,0.02217166131608772
0.5438012642676301,0.954611323454017
0.7614980839847706,0.6060591191681838
0.4143473100786307,0.39030424747898185
0.6984956906241739,0.12003607237444769
0.3285511383377502,0.3832585830485621
0.9319035405725395,0.8171940735380993
0.8536192507778367,0.6054322509386942
0.8599348979764802,0.26075974496544807
0.34022836952681235,0.2683535169800092
0.09142748232506892,0.3476632588319456
0.39381006053326995,0.5332398795196827
0.08043058055429397,0.5072662792420036
0.4415861808202608,0.1903734172362309
0.814089118886749,0.07190429284040323
0.8537287198461782,0.060528300394319445
0.5392409094344895,0.4523017104370196
0.6560686820167685,0.6676953198665613
0.025207187595080338,0.9339737349490693
0.38149701472514663,0.6834505915662799
0.3745128825986572,0.6296649947267444
0.07161482581323153,0.7157717309417162
0.6728805300533142,0.5676637554644758
0.04490085726178572,0.9095074842784816
0.8519124137865834,0.6100805891735305
0.6919454595769609,0.4364453027380536
0.20378310052050297,0.6277255028078369
0.39033727443606425,0.3103946149789677
0.1594942396177017,0.4931210711683002
0.31685985175018905,0.801661956073727
0.27187093469201384,0.7428206851924496
0.5864082009802426,0.4107790976094383
0.5423231475057756,0.7379107511673232
0.8544494081911557,0.3964451816509059
0.22961782421538213,0.4126351074897928
0.4497496854809738,0.7919662210344283
0.7500556221475662,0.5330420429655769
0.5458596376390945,0.35753028318319324
0.8588221054108993,0.5685517904487354
0.4740449802474924,0.5361409225800933
0.2428490351943643,0.6851490727767487
0.19143919833630252,0.3427961463124929
0.7167404339262787,0.4295231342563337
0.14689507080939512,0.38944848772693175
0.535418403789617,0.8835861552917719
0.6448060842203033,0.8793669201739146
0.3963805467746837,0.7033405438902958
0.5980223294816908,0.050861793152423784
0.49811362590879404,0.9922010280539738
0.8929807199550619,0.20099898751584144
0.952692368240531,0.6264447981287432
0.06511484214874996,0.7964781475403148
0.8868440529628346,0.6950187556211727
0.12161928587203652,0.07396735771266671
0.4601796781022539,0.2688045691386719
0.45753984500120815,0.39865584937623766
0.7288540083347246,0.06852349632714327
0.33598400063081757,0.908834139619435
0.25845441648694145,0.3248798379073867
0.4847054679459952,0.5464339604466771
0.5106069042495122,0.456262303907747
0.05992941773695004,0.7525041691013045
0.3637082250306616,0.17890235916451636
0.4078342576583106,0.24719389029274685
0.3494290573229841,0.5465879273870907
0.07519277033324179,0.7538553985941934
0.23236415047605985,0.8288603493409042
0.5220541272443098,0.9147269590181248
0.8723133907327116,0.74219048928935
0.04606692760190356,0.5646176190694185
0.3158160771779245,0.3583425943726213
0.6931452770623779,0.9819295084510236
0.7128565296694913,0.32275090642849436
0.903647064998781,0.9538619433715375
0.19589436985151965,0.33091417151763747
0.6540678803734925,0.7376041406731095
0.4137481822735042,0.9903930436486951
0.8011435414686459,0.1564006803820639
0.5664191229385146,0.46087213516393855
0.5639791777802875,0.0949363079611768
0.8841538927108277,0.6193115178699721
0.7994574478135966,0.9569747666766173
0.6699404575983178,0.5526811924124134
0.32328265613648277,0.694796773222152
0.3507513604107587,0.6545896171406572
0.5206572264661904,0.32843289314699464
0.6063888917192867,0.6405417114830163
0.5701983650922879,0.9458522353040107
0.1767504641709069,0.2258216457076867
0.39857688438145866,0.7558488928925626
0.46573265722288226,0.5941031827654932
0.7147087397391675,0.3873479120265062
0.9531532612853394,0.14868620873569982
0.2856000124888367,0.4747087382840046
0.5688171025666898,0.7390644789275777
0.9834674240736605,0.3250665766812243
0.654687757373274,0.8857281819774361
0.4508869600927887,0.6553089048834345
0.7110668940046132,0.03520142890207523
0.9763690759103899,0.23800765765732257
0.2567357780620356,0.5132394102266234
0.2544762898540647,0.3182702425205445
0.9041158420154214,0.1904307513371618
0.9433494411254043,0.8520283998603045
0.9782270755372049,0.9281408968757529
0.19682520633142986,0.832306834508857
0.08966270858604308,0.1051132533801814
0.978364611193383,0.35300641092154583
0.5041392681392708,0.8093708665786475
0.4969437633012267,0.6206679131376227
0.5805307767112823,0.7128871531313178
0.24250889843198364,0.41430316352421215
0.5634209758955951,0.8625712270360981
0.27182198388113266,0.43356771030261243
0.2870526877154307,0.7305068046943017
0.5180050282371695,0.9406095031082488
0.9384851039877019,0.6383320709913022
0.6334924837201305,0.9433960626574266
0.037655628947217745,0.9199734346008166
0.7641563265934275,0.652959433145178
0.8634716578389943,0.9065702499970756
0.80538500457227,0.9505255738498677
0.11845483446988259,0.825334181193742
0.1784456521003247,0.02490008522701248
0.7057695888916035,0.7330108875906874
0.7780669743472473,0.19240807226585432
0.08189892116394515,0.6190589621982499
0.8641481871115532,0.4405356592605719
0.4840094718002974,0.48769034500545516
0.6220753691888548,0.6331583670882411
0.42753805678895396,0.8741186772489351
0.7590257130529942,0.967417041585367
0.4145386722058495,0.6070701749273691
0.9954313837709944,0.14407561022523574
0.3621158324257304,0.6986126529504005
0.23963064921910537,0.9150411865402247
0.005379034634873436,0.9932527259486653
0.9294197379565169,0.6223877670427819
0.844223031248044,0.6557570568428592
0.05934868515972613,0.6510665077188437
0.4608201620561526,0.2281975381367335
0.6906002217340944,0.7104866467227172
0.25744788237362815,0.42300095765237555
0.8324742466476646,0.45242590998529375
0.6660611014885711,0.11696562960900392
0.38298838205792285,0.36624142698666406
0.15830836858556785,0.47475113728141083
0.7863502103934562,0.79212828113141
0.4323879529007738,0.8218471084545542
0.31702418064940496,0.8254120847438959
0.019189518713544573,0.890194641094639
0.5934588266012659,0.4485029311000456
0.34413768967706837,0.22598252409929076
0.9186478156747058,0.7522848778498047
0.027602896325935267,0.46344894600098807
0.09468108370197348,0.19481881934859802
0.17762284205751866,0.5426489003655905
0.6734668579909399,0.3966976920993375
0.9224870269332845,0.4301962199163719
0.06960215399369563,0.8613203989024587
0.6305563528900127,0.29233621226877504
0.794308874812505,0.8793489629510721
0.0907865866875357,0.08834388593428977
0.2450098810513731,0.11802288327210275
0.44298756411968887,0.03578931072848712
0.9007787389485734,0.6416651559183085
0.07441181006485287,0.6382109231064614
0.8909462872794554,0.09496493672512252
0.32043985116848794,0.7562909154913294
0.6720987162187958,0.6840319085926196
0.3929325914957448,0.5517394674064678
0.05057871942509262,0.9716997143435026
0.6645415467598118,0.9803701770761428
0.7939541662370154,0.5891229243508117
0.008253747206250495,0.0700400649481624
0.9882013021962475,0.8040701377013031
0.5201262164039145,0.2249672102287258
0.6344714130292398,0.1671728452963155
0.8898198224092364,0.5077488086584575
0.2304610175647328,0.7424995148758261
0.37956997445767005,0.19338439549652475
0.372514413355707,0.5408427132405348
0.3180014069787438,0.33032705425454434
0.42615863956818534,0.9436548543068293
0.6847532417777834,0.6997156224203983
0.26618746253535197,0.5726471734627697
0.1361360309817803,0.5124623371876524
0.5639353038522955,0.7163077226756895
0.7338603986188627,0.9800681668542015
0.28950764969679144,0.2694145075126688
0.7692099737747867,0.9657879146780509
0.23794046668267144,0.011692632061364727
0.7725771907058965,0.5102774886693706
0.30541137736493595,0.526373143683007
0.5801663337451238,0.36380573811002126
0.5105221666124459,0.892131298021996
0.503564803242218,0.411004408840708
0.6347538064467182,0.7500200418685656
0.6375587432194791,0.4955079299429471
0.2530966814615674,0.20833256726594873
0.5508001831541431,0.5783142764409743
0.09848513847902363,0.671288524811696
0.7914911445437337,0.3133146426130853
0.2895777044428941,0.5744884822083725
0.3675825487497276,0.22983020057976733
0.04552588718156403,0.2560371130005963
0.19695937725133073,0.8695492455766792
0.19610666003071642,0.32735103003689414
0.48904466283397974,0.29804906109988905
0.9218079543116954,0.004702592172567632
0.6694822235211872,0.7744199288392974
0.07292520298764382,0.06227857958837946
0.7096587974556773,0.27976851934427727
0.49534797259667696,0.08457954091818176
0.7347461812432718,0.8275058339363077
0.45495588318089686,0.7820813558261319
0.6628891709371729,0.1622201290923
0.12184030950361546,0.7568467853766401
0.7842324990672638,0.2895340234890986
0.5377278201414738,0.07927603179698928
0.3987888127315349,0.11777234526894154
0.020397315765105284,0.2995034832107528
0.00022610608299511448,0.7266785669675474
0.6704667810431157,0.7385874479784368
0.8002175374988635,0.9328482298260546
0.9110462447210519,0.9012564873930896
0.6328158216926046,0.2989573221858771
0.4490246256843048,0.9016499886403831
0.5508608378485224,0.4447094470011631
0.6639410184167902,0.7086609057271591
0.32709073190280546,0.6013320764593598
0.8018495920291732,0.5745497931986175
0.3974979857987142,0.7556713517580723
0.7345653845414978,0.9106191621669572
0.9158961974920711,0.9531707979511368
0.10040270577453525,0.2317736034963529
0.22124431753729212,0.8672200559794075
0.9450810023912269,0.12316885525829413
0.5375271194225473,0.7183682595988172
0.45903780585285403,0.8808381177761458
0.5780924088612429,0.4793813887505778
0.14068954059159922,0.6876821286237682
0.11182101881618878,0.603788816177016
0.8877102705395865,0.11941603941097412
0.06251976625370081,0.9037085230708788
0.128498009466256,0.5797323934723498
0.8437313147801874,0.9718674933494436
0.4694686483239796,0.49520795978197396
0.41011456874355645,0.8998598421472201
0.5681669818395052,0.6967504604908955
0.677423854471127,0.13971245117509112
0.692708918227322,0.06069905219551974
0.6875847266361131,0.5475268281815715
0.8866907903550658,0.5816380140717408
0.695504662823677,0.13348939840769336
0.37283079022873766,0.7346169294901148
0.2271842978917027,0.48271335681701677
0.7218513210205699,0.946419661027991
0.40434559887430543,0.6774101396919124
0.3021103054137251,0.42693345723426546
0.5239448921683653,0.0987381407910689
0.3746884705445829,0.6871922706494638
0.5019167958756358,0.015138261387822927
0.4931317709275208,0.6867052761044982
0.49544663259416444,0.28515178830544285
0.009400268307221071,0.9215860552801488
0.9875002383268136,0.17299341055602102
0.8021440615747485,0.02515848048466751
0.47965059413955347,0.2875476631499656
0.2967802723217363,0.9978268403362792
0.7428120284997788,0.7759236510813525
0.7743350509044333,0.3950769247353221
0.0633612875044508,0.5094255070352229
0.9084490833897848,0.37110354310810534
0.37001222452526306,0.7182760330165426
0.541187011875676,0.5473767944357841
0.7049270353630727,0.4301267447892241
0.01039032782586824,0.4740394009776361
0.8802107022861071,0.2704427250266177
0.7753973358554453,0.6943102492466131
0.3797591221343768,0.4098284918616727
0.7626572967107762,0.6379744859339127
0.8877037878759392,0.13524107722501588
0.03673898056790548,0.27984089355482467
0.04979661520776357,0.8999019532760275
0.7369338990534958,0.8646799148705414
0.9368384905334559,0.5661293674802237
0.8276990518957068,0.8413906601008804
0.7770768671001926,0.8994217486436038
0.6798319006230215,0.9566324949500681
0.21885640540300366,0.7736311521256087
0.4519520081644617,0.47423382178251305
0.278479873744527,0.7988372158840449
0.9815910653912726,0.40145662104479896
0.6792203884845287,0.7086345301650999
0.6668150694462303,0.6224785405713062
0.8954359691306841,0.4030821267233614
0.760221741765088,0.10475551866988775
0.588755870893772,0.8239932067292235
0.8276511150183226,0.7035893568738065
0.4278261977238428,0.08142448714200101
0.9686682012225403,0.06133640297457421
0.5139686968816606,0.7103892954496935
0.28271608314260543,0.7679847654545555
0.6554600572899681,0.466887537073837
0.35560357686038346,0.5270470376128696
0.9546087601429158,0.5007550718340417
0.1006577242710247,0.7331335988665374
0.24206408194499296,0.5512918622524859
0.8771152258990571,0.07513425317524047
0.34737163046981157,0.552238934737394
0.10998416677182854,0.2474544243596093
0.9614672862584139,0.17897196557573092
0.4182603836026859,0.008227045673192102
0.11356300307187794,0.38314331617387465
0.6191558684156662,0.7891513088663705
0.6507703471518845,0.9254960417061018
0.118088744504106,0.6394899486765708
0.21338732477792333,0.3900283462650166
0.014840527493413802,0.47016565823774537
0.7110414515906737,0.4436461159542573
0.024520308227142795,0.2927959877396238
0.23975584822459028,0.07811510689522994
0.8584721918467885,0.7247728430252809
0.48170659162066887,0.28244874332267167
0.536850772792048,0.646239513265514
0.10260684262285635,0.5583423915142204
0.5625278125627186,0.5365475232571232
0.5669854147279071,0.6161236622259464
0.3531155634893427,0.9435422757591982
0.9070260921621616,0.023209770438588406
0.13423467477510842,0.9699280620223372
0.07268536033156214,0.3793701651926531
0.2547388316163651,0.3635312659007719
0.01844174908978502,0.5168689576839589
0.3198479575867046,0.25639229612151415
0.8294871128145013,0.5293295160842953
0.5775096244856583,0.4933724031763007
0.10199690090723779,0.948059804717357
0.7481416436643208,0.09179525081156004
0.6191292370546043,0.6671342108136846
0.5616518285671774,0.5672482750780767
0.05312346719657368,0.1781173531611132
0.7202751126422863,0.1474435167325674
0.9447221513774158,0.9967653058008868
0.8074641167742647,0.3851872780924297
0.07911049455283792,0.6408663426893362
0.2662259092287331,0.6223497162199672
0.21640658248474787,0.8079992951832389
0.36705020272764655,0.20360624443418374
0.748070639437962,0.07962281927958326
0.6216120915542797,0.2026152823796068
0.8776936388260721,0.3313257190551909
0.9689754407711727,0.8475202819756195
0.19468998692951878,0.7428397701254961
0.4283585597685158,0.9903252127795048
0.019365489683831116,0.7945544909247151
0.19809008330369282,0.46131293487048575
0.12753431751392463,0.9453878407575702
0.7115834836309276,0.7245687820929733
0.5112669557479892,0.8868780772530367
0.6834370098014644,0.9219095587095547
0.6984795757482453,0.7375408542347264
0.7355892924269957,0.15242457360405792
0.10851449249982148,0.8781930511496167
0.9394060242103401,0.8633631412416585
0.5766594711302194,0.777930314088878
0.6188352060226062,0.7979525286876421
0.9221851312243874,0.8419557311808765
0.2550303922113544,0.8827968324867527
0.5737330352133667,0.6445591529848494
0.42219394945695754,0.7759680257140246
0.8631132244717861,0.9970527304120124
0.7513118641901748,0.008035218163479185
0.40810866349101815,0.4091706799938053
0.1257278575842895,0.3200745059802691
0.8419453470485888,0.20867584044404175
0.9724061436198054,0.19034384175642916
0.26681861757095915,0.9562412143025469
0.5637126655756793,0.6817312851750136
0.7444298180785808,0.2976987896376231
0.869161571040262,0.8605857248905281
0.8131573587257998,0.986843680272188
0.595363350679179,0.698739700704151
0.5182428712926381,0.7092186634233212
0.46581422713437315,0.9532943024892596
0.2991664014516253,0.2650619502421707
0.6590152433517169,0.4341904631763577
0.5732037616494773,0.5165456030455171
0.6819424346787867,0.28069009078084894
0.15126034609424266,0.5054007962500949
0.040009834464721505,0.99047872684942
0.7547044374152239,0.6914743693885
0.8494911256790785,0.6876755140817983
0.2796809242427115,0.7461347951875839
0.038970857792520075,0.32326921625433713
0.43308526339194164,0.21188882196597558
0.8897371130972213,0.06193482238741621
0.8794376276174901,0.112844888035873
0.7644917571976377,0.6899112381664528
0.9215255606447248,0.5906643895682215
0.8267815863936598,0.4608188029641205
0.8257688659020598,0.2863858588168462
0.14888667514796072,0.8779786705034395
0.23991956881916,0.07310461289626458
0.2992939815346699,0.3350810055615576
0.9309707591299763,0.8310724738585824
0.17271326981179014,0.007896187562971946
0.7791803895306776,0.31388500680900877
0.8880669919605756,0.734711185039156
0.42591265964042735,0.9360078577820239
0.3782197908654099,0.6764564350152622
0.4041240593255987,0.632399298444761
0.35111358459457376,0.5442829273250105
0.9691277332485981,0.05652737419964671
0.3350951458323038,0.8114776317214054
0.02351074727522362,0.8094545309432227
0.36887863923566044,0.6736626736139084
0.7824889149915334,0.15447235183282426
0.7066417652323742,0.3750663306603076
0.9992195220329452,0.5225712401316609
0.7330955313962301,0.9566567728692421
0.7710275767906152,0.8285612674516373
0.09295301777467835,0.3112426460376828
0.04907552347134758,0.7033809331077951
0.4092235566709821,0.014702403799014108
0.06295147007849355,0.24117258513920015
0.6289964470370863,0.7118668219866151
0.6814709307053203,0.307005199145144
0.1194641081668738,0.9224564695246831
0.6057438786279684,0.09646485874018518
0.10001951123450326,0.34849723699908475
0.3661168986047779,0.09506136348989958
0.8768551122676514,0.7356991497731066
0.4904215282393912,0.1616683521011213
0.3360073539769952,0.026878275518067984
0.9673402042053328,0.6671488860015156
0.04425654599962192,0.3046434683842588
0.07893579980853105,0.4559337571504656
0.8280067644723099,0.6029549262410303
