0.9306949579959001,0.9184636270622868
0.7617884761688984,0.34256187531271
0.6410826700834017,0.10793442825598654
0.8331386226087658,0.966594818595142
0.9159927357916541,0.9048986275263278
0.6447076175571943,0.8754488222871643
0.901173683022295,0.9737280015822509
0.8917491080312812,0.004832380766480737
0.2049860773349479,0.39257099402880513
0.8255460566840005,0.9636393379478088
0.5895510002562663,0.6241015518790942
0.9937721642970744,0.4548804188436093
0.29543385360204155,0.3224717788109235
0.15410160479379165,0.9263532661302102
0.7502315411292491,0.8575124538397858
0.3416080416407844,0.499231757012508
0.7762026534450472,0.5353490301087211
0.39392176832420556,0.11695885808898887
0.8405277649061819,0.5045029891008046
0.23241744753334248,0.8680979156584009
0.8314631828269151,0.546475642685087
0.09689105117091756,0.2343116076371674
0.925727562464988,0.347889393624386
0.3047584962402914,0.13949315301518994
0.0960355724662516,0.04852896384050365
0.8798691579397105,0.8839609127324283
0.280609362175294,0.30492368968906614
0.3629261235987944,0.28022296102705235
0.2816642612641913,0.1894963252553593
0.7646475774048916,0.1428962253606204
0.19315311536166524,0.08638947874666192
0.08548912477623061,0.1580527178223159
0.2356761481624079,0.941206143175292
0.1425414593214498,0.372316311258133
0.5731623066712379,0.13549454245809256
0.9790685291017401,0.8362500520847698
0.08500031267378705,0.19259649854857175
0.49645981384772153,0.6137855424092453
0.8969937645751898,0.7252648933227022
0.46634085739068,0.3687179002796337
0.4106042407607413,0.7063652296010302
0.32896071292426143,0.8264300313404154
0.3361885392028783,0.1818749021712237
0.669948221478913,0.5420709027105532
0.9525301652506154,0.9280426262536006
0.765313846606453,0.5250882118473192
0.5033438398426408,0.21653721444442975
0.7650111282889915,0.36232628378971654
0.1279133397207579,0.6913776189158345
0.5954171484284192,0.8751777296955201
0.8532335411038443,0.2613704434452415
0.0789436910968071,0.11303613192312134
0.30918818060883124,0.11734122972795824
0.8925489465644697,0.9133245647306409
0.36008398964699784,0.21584109286287456
0.7821239981811142,0.6398954612569022
0.7439905290190146,0.42540459765130156
0.658812680380279,0.3403709298557642
0.19890863478370835,0.9121111100727743
0.6479568056806874,0.12724663797030134
0.8953990336150837,0.5052570547124381
0.49128628743794833,0.6955042877821195
0.5887227547635179,0.031464731648720656
0.831775891045745,0.44864964247766026
0.015057157010449851,0.6447619944961007
0.6420746358503151,0.16999385586583937
0.7246625396666586,0.3474289522513313
0.9967483807038015,0.2283291327376582
0.03183560004155073,0.6386830360969162
0.7059754750975735,0.6858196266278851
0.03490073255514459,0.47965037540322697
0.16444763689268216,0.9592794317442075
0.21594027169635088,0.3273972224092432
0.9232241272007018,0.26153796375231664
0.12610633719741438,0.03779614791802832
0.43906340645767317,0.8726986659154483
0.8828159435711345,0.12102135499728683
0.937715908965789,0.5648912038836285
0.5505432585723529,0.6924445764889235
0.16931071527040886,0.18555861320476696
0.8171436655100823,0.5176433528286817
0.1639808844950218,0.6444861920005082
0.47693876584982864,0.1985444274406135
0.022865437179937498,0.3061596382738615
0.5028282290006066,0.7409656449382712
0.4575539859162657,0.211149810333375
0.5856941024102129,0.9204597193883085
0.29522242609452154,0.262502412542986
0.8549302174967591,0.7328007708108643
0.32866981694645203,0.7894852000530168
0.23395573619418086,0.8257705604090031
0.8502637838584218,0.0008674908510724055
0.6582989893041935,0.5309197560755967
0.8769386232899172,0.5862925400931135
0.805232805262364,0.27296268080076924
0.37838003419534594,0.7618479112480658
0.8045192268793911,0.003081568203510132
0.270919029968829,0.26740361298969584
0.6322014637199022,0.14555465274930424
0.8580395728984265,0.7258239309697133
0.17979550983448678,0.4378721229731136
0.028357479801302543,0.09181957708800637
0.9647172636601781,0.8141852090614629
0.4760135394002426,0.21673992264471298
0.4400506914166701,0.16170708315484095
0.6549756552461395,0.09080099486557303
0.1455563346823061,0.08967624440940636
0.7564038851586109,0.050632727270676914
0.7761494336502476,0.19640844049826034
0.6952716836472375,0.09594516215311744
0.6381497827050029,0.7817064303155933
0.12525661353005646,0.08842751312077435
0.9014691744666405,0.4175995534019814
0.5684678088736806,0.8695250362429903
0.8853198040072299,0.3032307756841839
0.9035170823252573,0.25099836667951037
0.2408921712693466,0.16379192641474927
0.7589693266913617,0.22678918746571874
0.5402643859253177,0.17983213252203423
0.2751542964373562,0.12221954184881723
0.7902928824751118,0.8843815184407863
0.3193641031700788,0.6765925228635992
0.6341050951450001,0.3097882181954361
0.11772210760953072,0.7111469744382694
0.3273826872034009,0.603125740371163
0.059502079218725745,0.01866573860284615
0.36554570230531547,0.4323412140027678
0.8817016365806989,0.8548720570567684
0.6487472577363961,0.616290648175306
0.24846520966343533,0.5950959824075045
0.23831465345098235,0.8048548452174321
0.22803453421302677,0.9576143610626119
0.047511324914509157,0.38396015189206656
0.03862672692798952,0.5156838267253656
0.5962165289437094,0.7561997217370107
0.3571170940095828,0.060585838817372006
0.5360857241638072,0.1689879655196479
0.8877205183643494,0.9463634696095556
0.09928770358580241,0.7173521248940175
0.8872704837347336,0.5296492567165554
0.3597391414340927,0.13959681772646104
0.10011362440887495,0.8464742558069575
0.1775681237267298,0.004107892126699264
0.5418032749474789,0.49639815759300177
0.5813213782684853,0.11839935384464173
0.14697055547994275,0.6246013507187814
0.49031638769619146,0.6700553864173716
0.06697745386179621,0.24538082586862908
0.33359079430912886,0.9974607947101174
0.29920078484978374,0.021219427408200486
0.21790116207540777,0.07710876077482365
0.41581069928471825,0.24801680199448228
0.8645539046888336,0.45589998375353946
0.9785345973410936,0.014914777074686136
0.06951457202980194,0.760554470363922
0.4688182390575264,0.8708166477132177
0.4588421670342181,0.9910924389450968
0.2658809312429098,0.366272310427489
0.47593251519255464,0.6954536159688903
0.004946539907619507,0.010098150921010962
0.29710046125379097,0.2731233749627354
0.1225552423883659,0.018740337618048275
0.20416006321488478,0.16050068519277316
0.12426087212022374,0.9374156445059759
0.16738724535364236,0.45494794927515736
0.09282081097278327,0.9937958684326231
0.9804152203033695,0.11833722013780512
0.6039791767965087,0.5497496002781807
0.5385784895781761,0.7942770974168649
0.23325711866435683,0.9866484077270183
0.2779390027207512,0.16784391629956175
0.8303780570642332,0.11565371034722338
0.2027120980908147,0.9693810933662562
0.8576408035667888,0.3571302278846058
0.07322523707011208,0.4875383759311278
0.48719580066288126,0.657342225792284
0.7557012962671104,0.20478891754584616
0.4762188107957719,0.4174198446198565
0.8782887873468523,0.3235855222768468
0.028825240675304453,0.3426865931955644
0.08385040259861054,0.682855822218147
0.7461963736640697,0.13208615225520204
0.6565873574598416,0.6058957480033906
0.6983081352735357,0.8014638165903697
0.3539990612644437,0.5218359993740294
0.06280276068968149,0.475380888718417
0.7506677621244594,0.4930787681511575
0.9226565366728708,0.7787848472347715
0.44917858271961686,0.18793363710583544
0.4629068431910389,0.7639899536298598
0.7018919491041894,0.9050538611139408
0.9318445030468891,0.17679923033197353
0.791244437326323,0.7009507240074951
0.886065078293539,0.3262159009860506
0.6665881645126391,0.5398636228468326
0.8905419403252752,0.24875271655722542
0.42999329767115846,0.918096612363466
0.25834380723941885,0.8363680276003335
0.5227999856259372,0.4122531776805556
0.7371420797610728,0.5129327380705067
0.29384189156960805,0.22114916148028352
0.9270985223867962,0.6421622840759563
0.9427233653896451,0.4217510162358594
0.4919472758191855,0.28929451355778824
0.4150071437635431,0.8970752737752394
0.2761355456023872,0.40794373684911844
0.17980842761528704,0.8420211877086939
0.6654450854288646,0.5637446713032589
0.1432274627030835,0.43720181928553925
0.8789456704353639,0.670933588994938
0.6551459249089325,0.8261701615931963
0.9955099479988604,0.3319289200418899
0.5396300838657655,0.7857806410512024
0.0840531905724724,0.862431189313911
0.0830482856481064,0.5863191006906731
0.2235653445902992,0.09051874382611613
0.0043183900027441435,0.37371017915041305
0.5749155428082361,0.8671249862664153
0.31066945062583207,0.739059543632426
0.7145352336394485,0.2832588766313503
0.27423837756781255,0.8308009848146919
0.40864848340567306,0.5017060829906236
0.3196785008621914,0.9821846954597083
0.6905797436753549,0.05725183950384127
0.44117929737529904,0.0157672125137599
0.674572505496813,0.6411787671168431
0.07647406550614311,0.1704763788926783
0.6216148946908628,0.509866864589759
0.353347649322563,0.26669466153355037
0.3277271852058107,0.42798705248545976
0.31594157285853663,0.6758986474364564
0.05167832395370753,0.3166747048300683
0.30767322529763985,0.20235079307639225
0.3530191763250332,0.12920803560989003
0.6051482379232183,0.2674281659242873
0.49125367257503494,0.7725409733037188
0.43365825266404934,0.3480256551938087
0.3253029434243587,0.14703430091037106
0.5008551868192683,0.25777951184295367
0.7995533405938327,0.3615950080053756
0.4128966311525428,0.54412838340806
0.02537088887410832,0.137416851907879
0.39209587948889024,0.22410163844789244
0.44128119116482944,0.6645820837413083
0.6060109826283834,0.3518843508990297
0.44037054080376525,0.9767317202672647
0.08321074971109188,0.3238351464975673
0.5297597979018677,0.5884882317434762
0.009309174886244054,0.8953019868572116
0.9854655451824461,0.9191882714656748
0.4353524477399695,0.40089219248467634
0.08551226907520348,0.9507836378205297
0.6462184970050157,0.3390670198232699
0.08759324999181484,0.12327312893684683
0.25093723448996774,0.64767287830724
0.7095527908448512,0.7467826874719444
0.20809974166478018,0.2028544747377996
0.70701403332533,0.7452968994843577
0.09623366269318212,0.8860324366343048
0.2967272048475392,0.4176106546512326
0.7696447216203696,0.3265321131288583
0.5981010467235298,0.22622809287759738
0.5177529971480805,0.55021699583889
0.233798610330058,0.5866044940330606
0.5742245465958494,0.2519253351801388
0.4673792337611521,0.15723609575158115
0.26553015661295487,0.4424282551647605
0.013692341427343768,0.29614237858687564
0.40074814885653887,0.3951750610633825
0.11910958568483587,0.5936886898882501
0.6086130247169501,0.7862224709238028
0.2111547254038335,0.43195474918421717
0.3866204591739525,0.5945800602918327
0.24214471618238098,0.9272983854462086
0.4061288985883327,0.8028997269481681
0.6625499052964646,0.01019424872632968
0.3286997126635113,0.5398592170677453
0.9465059995367701,0.11734530884681871
0.9179542781716011,0.22658146506661636
0.6808027502411056,0.4465896711285807
0.9957163125096633,0.8182401931813732
0.6707212628874484,0.5825184299580096
0.18538489021827276,0.39486215867380436
0.6910939610765714,0.24447043231889032
0.42509739947592773,0.8152925367250117
0.8945125965795354,0.40861180164797994
0.7930631592146375,0.94851473925037
0.7968938713938547,0.3900769547739332
0.824573908985956,0.23782319153881204
0.36494430772370323,0.5772660057753991
0.9194252067935447,0.8011059569558917
0.5195371727981535,0.7476109852827817
0.05868427647646712,0.04809330245232313
0.33750297507225824,0.5113098415895617
0.4011204827329331,0.5516438297024884
0.8138922021459654,0.010909149554267583
0.9845387773144293,0.9276852304423784
0.030465567502902524,0.45719756414368273
0.8328819313107443,0.364265231881439
0.770390476823491,0.191445465607876
0.9858436766043658,0.27361247012504153
0.29445993972660134,0.24077547554073908
0.06302490039273834,0.9983907515160554
0.490479971185944,0.07171582066350024
0.5336285469895508,0.6647821953782235
0.8304189644939437,0.09828474746997862
0.6585930871413763,0.47054040129791896
0.9127581454156175,0.8647302378721499
0.1869479337592732,0.8969214093821253
0.6497630231831744,0.2897281139042346
0.4046280850877747,0.6635792461690493
0.6979184137413249,0.4369825904907815
0.07086161830737836,0.5918790222311073
0.31596658884378503,0.3742565228923552
0.2648331596006904,0.9045363651180536
0.8977282458932,0.6876913586146077
0.598708705310952,0.7645388633404064
0.05106276650122499,0.3787872180045927
0.8988110271088,0.7191027398912803
0.6163486453781699,0.07834666995831452
0.38025626737604956,0.621939309542707
0.6984379026209332,0.2937849025435548
0.8826829358543138,0.756640166613269
0.6387980880297375,0.12452898956949954
0.5954439206519949,0.23508842822225962
0.5743591673769384,0.3260436537576431
0.6913764543199123,0.5034799589118865
0.4701249085195812,0.9674533554430961
0.12062910605103616,0.9050734794608588
0.9955906308501916,0.10714644589758604
0.7189370329710684,0.42730988335457676
0.7554133826245039,0.32850899682527557
0.5297991358915765,0.8665152755767452
0.0054566477727787666,0.4025480806872971
0.9779525216867921,0.1347820343638102
0.5563084753556871,0.7009838439610311
0.09185798614253204,0.5237698840228313
0.97398583755904,0.49581513586861603
0.14948272837413057,0.47687658748096784
0.11946952792878607,0.09522755955737572
0.9188886790742489,0.02673191684624332
0.5456100116462936,0.8754090480684455
0.008418337474577209,0.2865234732624894
0.2542962198116089,0.9753292267519387
0.4100284725137412,0.4894407738374039
0.7314982513308571,0.8501612524468772
0.27535145974457453,0.25856239609246734
0.8416168638493104,0.7930883410414339
0.795373676977076,0.8195193827290445
0.6460782590644722,0.9125711906092361
0.042607143916401635,0.039159464468826344
0.12703805958208614,0.28092416073792237
0.7634225350024447,0.7838514958604549
0.5321723694236093,0.020034972248686778
0.10477082988615283,0.12332684508256686
0.7356643495121699,0.43927353742660524
0.594369168990365,0.27956376087466095
0.5046964067746679,0.7660181576787942
0.5671894674297641,0.5658658747388097
0.7693713283473468,0.38361668360678625
0.5998149998707109,0.302322153001539
0.640023937043834,0.08065407210041675
0.5077374547737107,0.18627388240674625
0.17545694239069365,0.6010515922926382
0.33750162246937543,0.28711195990556837
0.4914137429366129,0.44246151227532104
0.9732042936616349,0.21554696066963086
0.2549988942414738,0.018599002216859062
0.023365932612254392,0.673950168082911
0.9568614632805764,0.048026718605724605
0.46617610702818457,0.12396513237400952
0.14502657736150415,0.9594848117181071
0.3143744677646171,0.16309600537456403
0.007972567477282366,0.4140224725383894
0.7766559613838065,0.5099740289244261
0.6452491955275553,0.8277478526059182
0.1424199198137246,0.6272099827684059
0.08634887632056454,0.7102530881067407
0.3747061767752937,0.7187024762982763
0.6309403067817201,0.6578661013759312
0.9932810203409477,0.5538305983625105
0.6194708198387066,0.7975629021064766
0.9516047096700714,0.10066918152891635
0.20280116811073745,0.37518018338060866
0.16260170117788264,0.39391244874922937
0.995555107592892,0.8474740815451921
0.6699090464599007,0.9318434555309022
0.433148143403012,0.9435902104309654
0.5952155110113301,0.8166775281875579
0.8625147829655491,0.9648937969868764
0.5549262949921248,0.31586341399792073
0.7722098444213623,0.13044719916837877
0.7316670244499528,0.7250360624063678
0.5569999013392077,0.8046411071400641
0.2116657513493594,0.7091197450276177
0.3220981983750991,0.12004844949397275
0.09334950768444583,0.09496250087242097
0.2790562074661421,0.26281633212126565
0.5584152329290554,0.7199460195216859
0.42118223124019305,0.533775921928838
0.9827572460313748,0.16869548444865845
0.156313995116644,0.24449213734127884
0.8013747064326938,0.8938889984682437
0.0156424173857187,0.5790208608732177
0.40442252171588533,0.9816270012654836
0.8274976069782044,0.22177510659486543
0.09620557090093784,0.38697276048841023
0.5525126215555841,0.5974321322239426
0.4802522760813168,0.006269739507920313
0.8849739344973457,0.21115864785428795
0.8531723766170816,0.23631389257938296
0.8574276749340788,0.7234542160222112
0.8210107248450769,0.3028553168036061
0.9183459019091621,0.8074138703291724
0.044230364661658084,0.428199404099074
0.4690762355816158,0.24573017231446526
0.7679208716159773,0.22177299173322662
0.10223894730719307,0.47170391997225625
0.20387738185307025,0.7055006279127105
0.06275141877893198,0.8345855789916837
0.28732181261252054,0.6682631322288239
0.8036162838528504,0.9738467681969976
0.3847044520154316,0.4649898510135845
0.4662972749856418,0.5226730939525158
0.19440954196786042,0.2859797706046957
0.2648486348387906,0.43718312679708926
0.56498127168112,0.22221002839011794
0.496182494619011,0.41945425754720667
0.7748740048318474,0.647933259723
0.4273509505868496,0.959924123579526
0.21900814017151315,0.06951945161717887
0.7514112401966966,0.3846115685094732
0.7111916648130504,0.15887473848317324
0.25388387976397564,0.10198616078119338
0.6435914172975994,0.026522859742197702
0.9411680525830015,0.9838982882263205
0.43187044236547056,0.6431188608653252
0.8991937057076993,0.025275666669430485
0.75933845841596,0.9147205751208337
0.9496210185902334,0.44447233233870076
0.24254435195978363,0.7792850106234391
0.027442705305271264,0.8771781307603042
0.50437677775891,0.10071375396522819
0.47892621722894324,0.27525045972850215
0.45913145216959217,0.9240892081543755
0.4057510635153495,0.4425234133042374
0.3941625530626198,0.7489729384570124
0.24641604097788883,0.4664542153203768
0.2315966409089515,0.8119782508130463
1.478911815278039e-05,0.5124250873975856
0.9809281982998685,0.7523523951396572
0.052851926242286296,0.23469135911667105
0.22715642207069575,0.6653964990800594
0.011477074422186373,0.6748743549208769
0.43577070164527054,0.31154822718718356
0.8528817663272587,0.20272656944715073
0.36023814632651385,0.9465150098528703
0.5318810439045435,0.16663949035181091
0.860206487554169,0.43609709974104727
0.8805191985481211,0.3987758474829213
0.5619580941943059,0.9718463122575769
0.9308270216385732,0.4160484297378698
0.4546124840507687,0.32016210092618835
0.11928042140698747,0.7712577610697452
0.5478368475613251,0.1362009940489909
0.33504320548234745,0.34985630588880134
0.8683853870002657,0.49226850496294383
0.8123904482556468,0.9470560136538114
0.7316157789844844,0.05416414565741623
0.2847632798769565,0.24895659351366406
0.9998903049726403,0.9703907045903859
0.656211231202064,0.19426774184280537
0.31342905134863874,0.6551075312092394
0.7355118521759083,0.4479161099352623
0.03100000390069091,0.00567690663644993
0.5027508828635336,0.810843015571684
0.4129743459805657,0.5212905072351185
0.9301919652580241,0.4050769236685925
0.9579089685982857,0.320206200790904
0.212076430038324,0.3774201363337705
0.9076780341630063,0.7098209699048712
0.5242099821606343,0.9991986526484847
0.276895914490385,0.9118416263536628
0.38712561168011395,0.6606267223421141
0.47479562540582065,0.8587653436207332
0.4793103981044786,0.8618444776953232
0.17772181564545986,0.4970786239371283
0.3270202085060476,0.0853461566924073
0.43513987287090317,0.9816133602374497
0.28289645557414245,0.12665323831641928
0.29999971166047457,0.6567655107375545
0.9007438588930042,0.14189476199140982
0.5649876826760704,0.24568315342335778
0.5240627227579341,0.6667968208882527
0.2180458988522882,0.11545289297483285
0.52619782607438,0.6366575583846188
0.9569287890093416,0.8174412030778673
0.02034236139805745,0.8851701238631304
0.702858892043933,0.9269277097996578
0.7225695163896851,0.6054912141128382
0.06452115676312842,0.3806003905046971
0.9207590496506373,0.12997010796838993
0.4110502792166445,0.27931803940762434
0.6516370834122329,0.36296282870679
0.04908405223918311,0.369383508857143
0.3094076080158592,0.12516882259111783
0.2111575370053349,0.5682623333633755
0.9146222579205945,0.19855483642056204
0.6975719204748471,0.5086800776055291
0.8719917806383815,0.6101172790249846
0.35425016520199504,0.16351230513172066
0.2653367794233822,0.6020090271715082
0.20902377904357416,0.9407182848846686
0.26127294127054645,0.21035454288788835
0.6859503259243492,0.36748052470157877
0.7992117813411296,0.5534907520136242
0.2944326241591665,0.28611482607872407
0.9734556844563687,0.29842894782732377
0.2630232268647751,0.8394095973102226
0.9713483529017447,0.8926797352340231
0.9625099912555724,0.5627761907301356
0.6268203500048192,0.3521340461169662
0.21467246104644133,0.9815559449541627
0.3661830164582808,0.16672828830977526
0.6504974935648635,0.3896134664278541
0.24197975520001913,0.9179520471655696
0.5911417248192553,0.038122477719597425
0.6412195976857767,0.6229076199886158
0.9252099258669596,0.25055777984738736
0.7252644047350228,0.005154944565293196
0.09811439501791908,0.6185391960299512
0.394030646038387,0.11866414480145793
0.740778998819376,0.9827043561978124
0.6363081245819859,0.656852902170747
0.5227169699063786,0.062084714228072935
0.07450863302228017,0.5226107543988969
0.7499421869576238,0.5251369035095794
0.3081107857696781,0.6363834908016684
0.585439070310029,0.17561136638123187
0.6671014702066481,0.6591749652122879
0.8039078251291336,0.8432291319091338
0.2986638537916698,0.14387031662287886
0.7817233251323823,0.28470211536187906
0.041706760158384704,0.9973475978785042
0.37207142825772255,0.8449131452087933
0.8389886089356023,0.2353575524949033
0.3836825465250173,0.4550818681573473
0.19437065641506202,0.23936531280492013
0.1805639437105816,0.2595575463448231
0.33691700727975926,0.6893265200996389
0.8399929732334415,0.31025100114017523
0.8159002578268723,0.5136056939060901
0.5353940699739601,0.15614431729556566
0.23357942583900915,0.8196918526618586
0.9212016556424275,0.9224462852318249
0.6588049225544458,0.9384297754156242
0.36543179702546214,0.053763842274265006
0.01562990705978884,0.002646759922546149
0.34806970272416493,0.621226821108674
0.7351154857824005,0.24442350216086794
0.09018918122624808,0.3486722278669965
0.09971457790638472,0.6771210613486909
0.11348901527423338,0.06562326981247057
0.5638873918707886,0.04216096757765897
0.9012102579886134,0.8550103526915809
0.6071914717623831,0.8392275041501975
0.9742588426315801,0.1707783719466901
0.747315782529597,0.890835258437616
0.09748214358005547,0.6503219870782553
0.025689640903908018,0.037063328092171055
0.97915410963972,0.5362439649429392
0.29099772561602455,0.2686317277418282
0.9279716772219623,0.2473577901944205
0.2179094213161169,0.5929020230427414
0.4936684312872853,0.9193020859404885
0.9844160967931578,0.6766666194965466
0.2857838473163393,0.7102028813449208
0.95867174154767,0.28834163955341763
0.7249274460255452,0.8901716020383261
0.2580042911293362,0.3213873741567178
0.7382161052247004,0.2500854439325204
0.5795397499624845,0.922381431590451
0.7808908017648287,0.2798192508849683
0.744851867085471,0.4249203282555841
0.2388327804345427,0.40384770310789275
0.6343487712657725,0.6830981271836587
0.9956910514165589,0.3863314881324412
0.6015337288249566,0.30164669786174636
0.11731379808869058,0.5011984602929189
0.3026966486911402,0.440828769897472
0.2739361211152209,0.9038596056658795
0.2760875083268245,0.5319872286218572
0.1871007781829599,0.7461485372167728
0.2503957537038054,0.9214401993639452
0.17219239777914241,0.41432070382877584
0.12235100295634471,0.5213484524083459
0.8885076567537041,0.9576216979296828
0.2925385255613664,0.880231383053609
0.8216042358747531,0.1843694368912443
0.4896460944461465,0.39749858630905865
0.5133709189999694,0.654266851444899
0.9175326551500622,0.3661132526909453
0.40135909261669245,0.696651899389794
0.6617050061292925,0.44168709125411254
0.7718079015565529,0.4641263394606646
0.9612929779261458,0.38404953325254454
0.22318905418814095,0.8385654908609316
0.9769747111767938,0.07873786089722767
0.22053889299728435,0.4717471550051303
0.9819195854306787,0.13962176141805438
0.9979591955665664,0.8004389229532236
0.25784813087385816,0.5426532904490154
0.23535295916922916,0.3544670687149257
0.6657828426826642,0.8181118527009024
0.683835008511253,0.44772548647996435
0.06562986045934782,0.9730951502982874
0.9776613699741985,0.8323281554673118
0.6277407890807745,0.8825690825285132
0.3390690236072951,0.5291866344698577
0.7459646337494265,0.09364776024066901
0.12042616155822239,0.4488522658244434
0.21529061485068623,0.6516105084595593
0.2922727758609913,0.2796268140036907
0.06023109790756931,0.4188734342426468
0.016340964494030552,0.9521865080985279
0.23285215602017795,0.74793200953811
0.4271877157338033,0.46382363771449653
0.17382804949772956,0.23174563881768007
0.007843864995016325,0.19589290698204875
0.47614550241532605,0.14243541028055973
0.26053305065894095,0.9241826580467676
0.010680348233948811,0.3385424164252556
0.044882307610287886,0.6963869235615354
0.9551267504921841,0.9953030430379324
0.5790602019199486,0.5350740642675308
0.8948789986761208,0.9651290000995907
0.2424825817467805,0.5728613656515751
0.3933580372226828,0.3076819978412556
0.7456372926806706,0.011636954904261643
0.597334041312715,0.4623645795022181
0.3971385028528488,0.7152625291869458
0.38493455524874354,0.9972769679086423
0.7262908486340991,0.7458209179681408
0.3835808876938581,0.9658904232365395
0.7962827972289362,0.9223698028790074
0.4837051725218918,0.03848391063686685
0.6453441501167887,0.3543621074376816
0.4886298601573881,0.21886731456126796
0.13259472031869313,0.059824389608778006
0.9675521499357181,0.21824963948063125
0.3580561327469318,0.19759984778509188
0.8218976909456284,0.6349417088002326
0.9440082600074834,0.1287348327166279
0.06979254315795136,0.45545188902214695
0.23104127943894914,0.40237549593024535
0.2534469941148765,0.7738607113867528
0.1510317331367248,8.942633240416331e-05
0.042317917185855536,0.6942241788796661
0.5886381549867034,0.8395687440516842
0.9618901545570347,0.2402867781194301
0.7560404515825064,0.8363909740945638
0.448883566452681,0.035048141632329055
0.6257621474359771,0.7876471394250999
0.8940283058877284,0.11949587886249102
0.31678877143249606,0.7360001317914788
0.6350498404708476,0.2099292220166773
0.9820962948330059,0.8218333097150722
0.8214912722708354,0.5040350022155753
0.1879779227166124,0.463819748730283
0.6556567781394244,0.10520934718805952
0.9737497920074197,0.13931606906928606
0.874037470065444,0.07140006933579301
0.8920366986126632,0.4443177351598684
0.5995728787498804,0.6288734263337505
0.016723451409179635,0.23373576945682595
0.25268355374157836,0.7960641036247291
0.22265471424293237,0.6712064652572856
0.9779953028457166,0.38059955934188494
0.9669628705850457,0.3094588297310147
0.9814905590535783,0.7368708050194411
0.05425829520357828,0.9656588236365883
0.33894672737532927,0.9687869316127297
0.8000453829619378,0.2711946366116871
0.7611332705258435,0.7945518364504339
0.8484783256825049,0.6780645507681337
0.14093084297277725,0.39890819253564236
0.29920575163621554,0.3934193226841666
0.0163093308235297,0.745984631490502
0.33525755554710235,0.5451174095441125
0.5037361517509882,0.4194946652174404
0.13308030428062578,0.4398800000266704
0.8881508547745269,0.5242564095538393
0.6209945128958843,0.7612502168951066
0.7501187127703053,0.5301770306525205
0.9463602135502523,0.0709557721631785
0.9139537032605699,0.12739597848614603
0.057204790360591784,0.09605797583143982
0.7752416353400834,0.010424010936973094
0.7187840182912759,0.7092609112617956
0.06665774003958225,0.9936692823769295
0.4353898877286144,0.980941422006591
0.055278134848424254,0.5656970756845454
0.65431261055273,0.11222820175369908
0.9115447528137113,0.6287941490055612
0.3498193523483868,0.8888082768431498
0.14909774803937048,0.16486326073274127
0.5767843461407216,0.6144988154633251
0.9151706320482993,0.4416229662653328
0.4774956425096084,0.9759758449957201
0.7723561517361953,0.45438852479759395
0.17981845808817543,0.9035548143219732
0.8939130952982232,0.7963420666011527
0.816791647451048,0.04124043062458149
0.04369175574609219,0.721529316220451
0.9609601578062827,0.6326277438526328
0.8776111043342155,0.42859500541757845
0.40209315634530063,0.7461137120619857
0.1853124897127142,0.230552169566974
0.16339646022445165,0.9068765081466859
0.8467393871836815,0.37478378581183447
0.008350072775542339,0.8856427374594551
0.503746523456729,0.45423214765179476
0.09553857168640567,0.10590627370926742
0.7821682269834158,0.15947906800658407
0.10657132759601695,0.26596425156115233
0.2097672253714954,0.2827602432484665
0.6237474979059585,0.6099353282935044
0.6477831031708225,0.8896067001165842
0.9154370235249664,0.5927949017710519
0.39882685547921504,0.6746766770111382
0.5661214814185705,0.15616051509861495
0.7801188785255843,0.855757815376456
0.8174113457584993,0.3469620917686973
0.012852789950092314,0.8432295246069048
0.7166509861258015,0.02561991073535641
0.1678235115891793,0.6105869880412682
0.7592295664278506,0.4898112080508501
0.42537330492238834,0.32087885569445007
0.20112525357204913,0.3691566604604626
0.4292377046711502,0.34617859790426353
0.22843304149326138,0.1816991510809609
0.5582387704583788,0.446638770723772
0.8641851800592053,0.1808466816039329
0.1428046087581364,0.0007038976466955393
0.8087800500468861,0.545095477947972
0.42528942217682675,0.04611793943893372
0.93395870429262,0.9351179691437462
0.3734240477343983,0.5180757898632117
0.8796697802430884,0.2744955918524359
0.04255097834723198,0.9823556280666137
0.6588913334936277,0.2500763193602906
0.6289778495463779,0.15381103049950284
0.5727393258783635,0.2527132949195433
0.09509574940933752,0.6569943308985298
0.6788400543901341,0.47912840036474613
0.5908197245312388,0.6755652735706211
0.7205138376201901,0.7120202686279824
0.5795558457604163,0.43188399958441315
0.5437778235541367,0.4781741071152651
0.8923765551473428,0.7972747116354675
0.6723201955168453,0.4295727260138825
0.16862301761658927,0.3049644662789839
0.6479575446387664,0.726762088342182
0.5941948278285021,0.3433189260621383
0.6731393804893199,0.9582477967071965
0.1381350630671616,0.9854315103248763
0.4943071788073311,0.3619868852281388
0.3267419294890337,0.5052722645412713
0.6396370421512062,0.5919813240493637
0.700345376131152,0.7231085819537681
0.009671853907273098,0.5997095434328005
0.978865837727882,0.15635362961772348
0.3178551486688589,0.4489501203495655
0.6276826923095187,0.5948225843812601
0.8294475954822178,0.8034809779378945
0.8842939403779045,0.8576118738616546
0.47311173615973046,0.15561156230541728
0.33847928604634603,0.5529001602988
0.29536681437790047,0.635091491857704
0.5201467024083702,0.19548154467797518
0.8277745089855331,0.0737414046476812
0.38460885345267026,0.2520738829534742
0.29029562960938093,0.20753807061757257
0.5866119086119082,0.3426115789751768
0.46416793088908803,0.8242314178410335
0.40685243132462234,0.20142000419220674
0.4671642965242202,0.8112800658786338
0.13948273600234318,0.6418643991693606
0.3117839978220136,0.35664876577795335
0.4683529993057025,0.01886852110526971
0.7815620408309584,0.32168560828102877
0.5686441346900601,0.4121113977379711
0.44802557920126473,0.06872881238589512
0.005083288180085632,0.7669616609588853
0.2392208366341282,0.4345857387490504
0.9545950556905225,0.4178374415206807
0.8878693978719707,0.2768938235329821
0.020842912300069183,0.153119655524791
0.098777606543339,0.08627161567910135
0.9975760111402543,0.6263175754744115
0.08219124623178076,0.6501210516606952
0.031752915625652745,0.5276171673482377
0.008873279434775116,0.44780323459517113
0.32433076404661276,0.035644733654711325
0.1684518572285777,0.47765802129521095
0.6779809215094148,0.7900857953644526
0.12445669447267504,0.42524022580159093
0.015242963739530269,0.41175568417077557
0.23723311751061116,0.9929742940190752
0.5331433459223902,0.1770528868534681
0.630796782211136,0.24264322686777728
0.7288976356204923,0.49094088597057284
0.9286583703463972,0.4154135626391545
0.11559484882128068,0.7974616350341596
0.5718939375040517,0.5422956965543648
0.4234997105727528,0.42088743921927296
0.00501731285563678,0.22791385280982068
0.8040118319691997,0.42021182565804127
0.8749744326152726,0.16554545552080013
0.24962554995386343,0.7848491795364241
0.1453484860382801,0.05333003474589437
0.621080637859396,0.5680546324898501
0.6962770777786574,0.39429150263273594
0.9122535213519751,0.6141936582399551
0.07690969795049729,0.7746666760771018
0.618196688389292,0.4846761989172105
0.7418757678054806,0.9264498818315282
0.08363555403913925,0.4426072816599945
0.49429584031252294,0.3603552746257507
0.25540232083562986,0.6052686360655607
0.39635094534800164,0.5576339106498275
0.8805910802483288,0.2732594383307836
0.7117317991203292,0.8710470934867109
0.9639769211576272,0.9035681439930157
0.524626337537059,0.4098724577900198
0.8948943464743035,0.19042472691631374
0.9757179279847545,0.6292718417958121
0.3373891378975026,0.28487410722279305
0.06492818708740755,0.6452082747690241
0.3313004532958198,0.44650485109102644
0.6085439564712283,0.07046527511166412
0.3827985645330042,0.8075869889131791
0.3069298263346377,0.270588314863239
0.5744282470627159,0.8726484264426468
0.25979699591433114,0.5531358403054905
0.32856715139354686,0.5908993066750049
0.027448938120100963,0.961586411856227
0.44572016602842623,0.8713869381995397
0.1328894907569571,0.3039885237352976
0.41493362379519694,0.7034891711029978
0.31032865397648024,0.02541880215016057
0.46270289656806207,0.9137940723221835
0.9647342907750632,0.25907999971596174
0.751944652772114,0.27158420492778934
0.21473385335729256,0.24331798898663715
0.10829100939996616,0.9095443028303765
0.7093210952371253,0.7943082020895914
0.07127600679799129,0.1935284616912064
0.5192168976077669,0.48740071898719006
0.7500921274621254,0.3701491614575325
0.9082100763019404,0.9212236852745055
0.5671563518119261,0.7512700648444054
0.5649568862745636,0.5261807903351298
0.7092094800435823,0.029256768041791004
0.2399261384808119,0.8156747598559143
0.38286913136011014,0.8528362472395301
0.48818744421786786,0.9023285030803436
0.337361131093905,0.5592707133148234
0.07174117180231909,0.13647600204639998
0.05110828524257527,0.14512106767935462
0.2929036196852305,0.19587001992424002
0.9897115142208212,0.8351805187767799
0.8585892640160978,0.4092195818619442
0.08982391777950594,0.07585360407583619
0.7604397053374997,0.15069765604184326
0.39456879598519023,0.34227075065871926
0.5282438028056322,0.9610610010472159
0.35434745708585846,0.7039352122254944
0.5131831432215084,0.4983760958054406
0.11270713986751402,0.9972908963844357
0.8208641867039279,0.8579030536331564
0.45147774290493226,0.19550756131351477
0.43741836377981924,0.8170723917314641
0.90761459520547,0.7619024848326206
0.8719745108718976,0.5483399203902122
0.09442279236810935,0.7411936332244407
0.2872268947472273,0.3129463830860143
0.8723658184607058,0.8024735701275947
0.5527817941783233,0.5203964828324297
0.2685307932036062,0.04159068427641066
0.8529440036972805,0.09989076033874578
0.3226965235500956,0.4360560910472119
0.2572188260114503,0.07239222964563363
0.04555631168045915,0.7317780675167425
0.2893325074130586,0.6539831789464626
0.8642712692367868,0.8521452714675535
0.925989169478836,0.16720425867238375
0.27504838008233123,0.6029082484889964
0.9746924667173504,0.6079157826199306
0.2722507688411271,0.8754344135172341
0.7560525219517668,0.30810572277819726
0.9119364996145615,0.9029320322989066
0.6938611335246431,0.8985505372448173
0.9233655430669155,0.037116618605857354
0.7449989116487862,0.45693780483539714
0.15255387805153608,0.7032014935066766
0.5389088085753059,0.7308160107429859
0.8852467319500553,0.9337028864187356
0.8388762189101676,0.36069911231295537
0.9243505426353726,0.5989271474759356
0.8827290718862285,0.8776825039451882
0.43696326884588055,0.2097543732302195
0.4276076687893239,0.3408631709825223
0.6946220337585095,0.7610745506405737
0.17299400812558063,0.8427857077605975
0.9969939904710968,0.21441315731561983
0.6326435879221158,0.7813027396470927
0.1916010220475064,0.5136027167122507
0.5948853462189807,0.505339387658788
0.9922302480011808,0.46177202516024685
0.5868864063357907,0.826020306375524
0.38153168976445473,0.9012627938969177
0.35004521636022157,0.3025388578649947
0.31181404525800327,0.27359413074030803
0.22681946420677968,0.44279531150131846
0.6084216615606759,0.07711900960777074
0.2194371669371351,0.7548894360025326
0.6121788966115432,0.9307766565860756
0.09518876239653451,0.666868635911625
0.9123179238548084,0.7913305845062192
0.5975664050766214,0.0722415395859407
0.6471501778521204,0.09956187950128681
0.36470965858866844,0.5999306636339311
0.9306612504489825,0.9598983932932282
0.16069348303485564,0.591945266430091
0.8974051267184863,0.6841284705642768
0.979491359842275,0.1921011977941176
0.5775344176760033,0.8765053193701998
0.7284441900194912,0.9296654667249558
0.90889646368367,0.7966209317272215
0.43296279010216854,0.7527454240770762
0.44030106810952596,0.7538231411562517
0.10526617957538853,0.22411953996359912
0.36711832684638745,0.9825081880706964
0.7724889336651829,0.12119092113995533
0.7327722117084975,0.8702278999532156
0.029036258127868808,0.657773579977004
0.7028658620374764,0.2566301519457702
0.21935995404423703,0.19776904777621718
0.9461639325762012,0.05802618871969245
0.7275710551177885,0.9850116872178928
0.07380206753184826,0.15089904625077555
0.9603812585789537,0.8066093247694949
0.8483640338204878,0.9497376146351412
0.8091576419868665,0.7632670136844704
0.2872329138196905,0.46059340647339464
0.7548445193630696,0.7309790192963029
0.6883155609516585,0.34822914594822807
0.2597910075620188,0.26812820899304557
0.2123702261115895,0.9996563702345805
0.2478297397410375,0.4316281392738831
0.6307753164552989,0.8253264873166418
0.8816407756043505,0.3699712646352632
0.5400117804126184,0.08780013853003532
0.8920638425189136,0.4592372359082634
0.39521814650788756,0.31237461572918057
0.43822536898863695,0.6823464948494767
0.02114808711236915,0.4281438013100777
0.806850773167357,0.23775699156059915
0.07108515676398686,0.2575691527295483
0.5555446060380982,0.2618399376950561
0.08242908878869482,0.5525478005474158
0.2248408992446882,0.10810352858225392
0.5891309804675159,0.7725986822151698
0.34105548524034235,0.3770687732070389
0.08633547018839216,0.003969675855990951
0.7938407329149592,0.6738916802775022
0.9808171994904612,0.16435143383242967
0.2364623544390071,0.9955190310681553
0.771044112891214,0.42403589640982287
0.8538284205691977,0.5385393352492097
0.954894901790926,0.23872113272566842
0.8066389324793599,0.8921159896318309
0.6058662603284747,0.8477545965968741
0.23120027442607627,0.7395480006388061
0.8860364865811929,0.7339933562079667
0.749465622275772,0.19170424894083604
0.6863807107997778,0.8502621483595348
0.9009813435340677,0.825133989727546
0.3475439380610126,0.43292097408320296
0.8257618615894803,0.14485433068275044
0.14019464047559338,0.9264306551978044
0.7959211444504486,0.29733127502187673
0.345612183655188,0.6106535899408607
0.6251759274898421,0.08446017980435627
0.8002445952720721,0.9369423281177635
0.23734530952085287,0.11057697250853016
0.7772741265009953,0.7639098016812942
0.748348401036151,0.32366165943761405
0.33573918456751484,0.8427323913870645
