0.39465167261539547,0.27122576911351626
0.3909802898308792,0.45291352724871403
0.8119811595972655,0.544593630178749
0.6983378449999018,0.5147547349310851
0.3292169683424584,0.06041624078932739
0.6574644804462393,0.6145534690159173
0.5820068655459266,0.4620876578866867
0.29412605498194777,0.9571906480012454
0.2936330631723095,0.0757082811026476
0.9438532099053892,0.035892966012013305
0.23105990926352626,0.9320165324166326
0.41438065871423757,0.9301893096218858
0.9684391125549577,0.2758746527315734
0.8864005509363616,0.2519707355587383
0.46648991326804623,0.2032395575834831
0.6753709129512968,0.6420420015613943
0.6172629835115857,0.8933315218515034
0.48249602462158836,0.8627046392690418
0.280978330712374,0.21146959060994674
0.4624304812281389,0.7046123776319979
0.38111299992272085,0.46640169047620095
0.710185631873126,0.40536764134920944
0.7001266814473545,0.7782175308153544
0.3246573920480389,0.16202255639055574
0.3319303215251338,0.3558636047098477
0.9017018678600353,0.6411008752804845
0.5023358995561978,0.2813347656253129
0.5096876895567268,0.5637252001191825
0.7545738345490025,0.17920671896724583
0.9613638870125634,0.24839818545574588
0.6490303210807228,0.40129691695260705
0.04314092103458678,0.3599725522174446
0.10436326424489417,0.43198778587878084
0.7423313391448083,0.8827572586543899
0.4510424557891649,0.8567800584595786
0.08919588983415283,0.8547235044262356
0.9970306793341257,0.390530061500275
0.49884453251269967,0.30167575961337223
0.5252943026613618,0.8703465989609886
0.09278950117295293,0.6354610931549027
0.09361557100496831,0.7635559655502829
0.6382425624054116,0.016936740562891517
0.23147186217094617,0.5239040028296806
0.38563106939084535,0.0074028831550840835
0.76959426051348,0.8209417596654437
0.08113126233657952,0.8863534631083179
0.9500969632497145,0.46175806078639303
0.851004127260232,0.9889798305186541
0.20308759020714173,0.1880944482602388
0.5693893887189125,0.3414066173167848
0.8874270686213941,0.37028863504795817
0.900563211480589,0.4392211767920907
0.7676637299169136,0.12406122886765891
0.29837817958517654,0.6462986810903473
0.23517047164972593,0.5932203695685067
0.7161981427937621,0.37514733906224584
0.25756590240835975,0.48881312889934925
0.6373467845599359,0.968195004873679
0.51087729850788,0.6106601276789904
0.7220255755653167,0.6107622377486484
0.6695561295480356,0.23021731732794037
0.5285997864478532,0.4851479529459548
0.6828851193341816,0.03993894345355742
0.1809154968986929,0.4488048489754407
0.8346118953635976,0.16150011421311028
0.45642661678833596,0.706099028751785
0.3277547830936718,0.1264046966387914
0.8454155590186331,0.8963581102846829
0.8286097697110634,0.8569123418554293
0.37255581671551585,0.14620474330744193
0.9790220497520645,0.4080195222273234
0.11804519888158538,0.5053987891283884
0.7296134589389566,0.7850723721465157
0.7928761004093091,0.5299704217858626
0.6551451318064345,0.6674583588229341
0.9822089312672071,0.47691381558673784
0.027659471078774533,0.2945632362199566
0.5078109385890336,0.5337556542226652
0.14291782686546817,0.7711980389587135
0.4245534309769342,0.06803472794097198
0.453020110979399,0.45034422344133285
0.46953289011377375,0.5889870336870482
0.7418393818240321,0.40356092267939303
0.7137685232586536,0.6566478431052238
0.30314857693730435,0.010273808368609694
0.8006486888883324,0.5663242458355892
0.4565097447645897,0.44144063227486263
0.35372160145386156,0.9877832657887261
0.6516360898173422,0.2930309381082372
0.9230297998495298,0.45105589560197
0.4347404009969773,0.2744637939259553
0.6220215680249211,0.6007007864776467
0.901153264480411,0.6598559243367916
0.7622753751108431,0.9518511221494
0.9264254045292261,0.4221891186397011
0.40300663694408756,0.030956918618490814
0.7937467308307049,0.5916447289871458
0.44936765825784764,0.3283407065314533
0.6746762550030955,0.008755675420527798
0.699340320463082,0.37296614923907534
0.12183725257219769,0.22560202276516805
0.43052758219383047,0.8966861415158416
0.054515198398953246,0.773177905670478
0.27735399620119894,0.49325018273783183
0.12898676957956745,0.8195778675244649
0.6798654382147539,0.6887735951335167
0.4273812971236238,0.24964865160018168
0.4924565446834158,0.304086106487954
0.38961305503914234,0.4706463512450856
0.49793556841284004,0.6234477769057645
0.7707289774968059,0.5972702062913918
0.48283006610605894,0.47667036631303483
0.2493555287959972,0.06045026078378557
0.7857405460456368,0.8696050565989706
0.9996872412534691,0.8273699313679642
0.2862517663888977,0.5588973532826905
0.37925458434077575,0.7602076490429023
0.5716565559906054,0.268344046079356
0.21206847194061518,0.9774881649809717
0.7374103564814061,0.3624932873582588
0.6315048639212864,0.7984747430184138
0.5523219798575387,0.012061844288662416
0.9405041370344817,0.23318828954313986
0.6014976218936773,0.803786749365128
0.0993985886370603,0.6678439901920856
0.7591198867815323,0.947401340497742
0.35387030078653825,0.6135735460827607
0.8761971600646151,0.7972128629002739
0.32556291445442376,0.5365422268312965
0.46465567705051636,0.391503296679208
0.21928229961149504,0.2024480806075758
0.7762340842596743,0.9419391216780167
0.8265579715514636,0.7165283243991284
0.19765724151645003,0.2109352837600793
0.236656897437461,0.7346959772259156
0.7189636156139266,0.8107036439669184
0.45223632827224225,0.7041723214231529
0.14074018000050426,0.5067881287052585
0.11750848566121275,0.9935106074115188
0.33990475842439605,0.30943983810504494
0.47464970558498376,0.7481360337273195
0.28591134790138206,0.6342612420820504
0.2227726024785902,0.08753047821070992
0.6458293686044212,0.4958421677273509
0.12022456114938418,0.28073676612375587
0.4805249160165087,0.17640924140055447
0.417404189839218,0.766887275520048
0.5718271667507332,0.617326830335321
0.5755894151413693,0.0042222247076083574
0.02787031497069037,0.004787700164553765
0.5722852022760889,0.49304445028997446
0.8329458703515772,0.9138158870030674
0.6325793983503571,0.847431737638354
0.7556760163938586,0.14454456323507403
0.9320518709255856,0.8978441956328049
0.08778162885910323,0.9384650159453595
0.9693925627741217,0.8634837327280652
0.7442848049353357,0.6768454153724158
0.9198797073164282,0.6542149422688677
0.06489138329280153,0.28065154971034356
0.6182076186621979,0.10968917708466641
0.7523219138281627,0.10591174733699726
0.327341416888699,0.08538510366156715
0.440370681212394,0.5763799839795816
0.7192207019946238,0.30998137458596975
0.2886505770920158,0.41340680933021845
0.26602864612898924,0.6082749017360143
0.8756988155171728,0.4123803819203997
0.1672823096302437,0.19160786265799656
0.22055030962639477,0.6677961330875499
0.7635258611201959,0.5680201735494915
0.6681052108763286,0.2832101607526806
0.29485686519145626,0.5742974679103136
0.49498534843321496,0.830426265823637
0.6169200383403867,0.47752034872842786
0.38144041221115577,0.5095690816054653
0.46122554473269006,0.7416196759324013
0.7729246492444372,0.10382195514932435
0.4172410130286254,0.6871810772092654
0.2473106473927974,0.24211609406930323
0.4143229384273126,0.9813647215658035
0.7762949064657209,0.15512919638418887
0.4650962197110792,0.7912668549218236
0.1477803920326377,0.9376164388856213
0.4453539812760853,0.017610274464938014
0.3251556301596783,0.8537725437079363
0.31196072250280893,0.5216957080447554
0.04334893923362082,0.8081476166115519
0.30221210911667007,0.8805209525792218
0.769806117999817,0.5987927572585494
0.736532038072581,0.8814361038994304
0.9794159751981483,0.521845533037833
0.7077383584304616,0.46753078939928683
0.7333120177101101,0.8493216653536964
0.0849863169960221,0.7344007135384834
0.6093040503576065,0.23467839999422968
0.7686696082061845,0.5109816300165211
0.6659902094194137,0.86333592993585
0.8864817249624095,0.9727412733010041
0.5687329042684233,0.6142781560580236
0.8042711345272651,0.5366987974723435
0.0068546735330854425,0.6539709479682065
0.7205560663012824,0.4456934740049139
0.23041356499002652,0.22108069093582694
0.8068164417838078,0.11333267819056547
0.7491737011434763,0.31350639613526987
0.8520454554951573,0.6072379293133073
0.12386879194097089,0.29235785897780187
0.46953688625132406,0.14439477449068538
0.9851189890268873,0.5183426046233066
0.436196429075149,0.08777735834255906
0.947090349204102,0.8102664156261922
0.567066308993423,0.2549683644971795
0.8568730866249841,0.31960563743915915
0.7878802823987766,0.009687872549174692
0.5138741232310717,0.06490883226477184
0.883774343238804,0.033005785623738904
0.5593480211133687,0.15907891563781607
0.9107761614864835,0.07166222896264185
0.6604620145090901,0.81899886613054
0.10103379872830986,0.20279936037298318
0.7893698063093502,0.8450224305481578
0.11944795258089935,0.7933266026077965
0.45854801427379543,0.8818179326295751
0.6002484609112938,0.7245859621603932
0.00509950877818155,0.481955290883175
0.06546179301474186,0.2081124816514519
0.5988069435428324,0.1238803959954421
0.41708562210667777,0.5846788599374069
0.6149982424460181,0.6962831575364851
0.36602287304205583,0.03517681207837342
0.7617520925493357,0.9457543638066946
0.49511016035073996,0.7766316717870266
0.12580528649134537,0.5076719816093497
0.9098811520573297,0.014298991628364788
0.8010881308500893,0.08903837986342211
0.23727393211603576,0.7430219897935041
0.5366216983640935,0.9193999270049581
0.47906814726238556,0.7291852535308867
0.2932221142305873,0.970852105088437
0.6050784535505443,0.325985323798492
0.8895078460570292,0.3613951532904808
0.26901650166789504,0.8937217359075891
0.3844469323200519,0.45829721085134667
0.45713923763850384,0.2968593127241692
0.20496823796988772,0.6148196283157367
0.5489288212853011,0.17601875531813327
0.18629645076963763,0.6218908668560662
0.38415420460583394,0.39703348124605153
0.09436838788177637,0.44686313338600503
0.2536438328351065,0.04275656553281282
0.057041111221872276,0.4072673952228042
0.9277296049648457,0.9378281328250165
0.9883059925903264,0.6005644313575557
0.48265395407932143,0.6867472732591331
0.43059452246270336,0.2930238911559271
0.026418181931431528,0.2548981070975128
0.8937838092582098,0.9678869515491235
0.6818830650456074,0.3898599383259095
0.636685887122147,0.5707766530356614
0.26343346902770215,0.5133870524953549
0.5444034146477991,0.34985436813643855
0.5588211523785686,0.5519223446941013
0.5982239001146046,0.46051810842289453
0.8748885366503923,0.26308882398376565
0.41601453306117575,0.5907397877636554
0.5372592653285677,0.13316577065895696
0.7966547828732136,0.6337369147921129
0.7635245197038191,0.8427759222856451
0.19127980030322878,0.34849166951786015
0.6281060129449741,0.5597317336003168
0.247201000391419,0.5896128262006695
0.6706206906070531,0.7768151884229807
0.7309618740446834,0.9477760353488334
0.6014929041829358,0.5804898220685029
0.599151623549892,0.6708312099578367
0.5799003579739226,0.49852523441509544
0.41387255454215166,0.9951542460044003
0.0812104221957195,0.664070950789976
0.9881511275079775,0.12117789020581293
0.5958347138277783,0.566591729927177
0.42957316640592,0.35075958269515606
0.1440464901689691,0.06048500928572409
0.34231737833104703,0.0035033871641824144
0.2645365800952715,0.1962717821673522
0.1783946889439364,0.6440660763000894
0.8394654836033615,0.1457856032634185
0.42154887642132277,0.6049761593096649
0.774326349836688,0.562903853255381
0.9016979362110095,0.964577448401177
0.6020067153728362,0.21213177684540552
0.9509994370983208,0.29835029881533326
0.8419797744948476,0.31436611880287624
0.9247826865437787,0.4541134616335426
0.5300631804991799,0.9585765822935318
0.5438416274863231,0.4349003333277094
0.24219799986619805,0.2914932042184568
0.5489411006392468,0.015544736568940065
0.5568125443151414,0.21108484834545493
0.34895406389669514,0.5511316629898309
0.8555044233450011,0.06750429927445012
0.20356541679422469,0.07496362517778599
0.010274642203470963,0.6248766081474015
0.24601472252947298,0.04012014927020402
0.7130169663248682,0.4921191217081401
0.09148212181183135,0.20607578325881692
0.6001448376442443,0.785912478063156
0.04331918755892805,0.6430977908490721
0.5169632219953714,0.38744973560372165
0.16003547089067183,0.3295026560639226
0.44836849263909906,0.8001865246673887
0.30395301891487647,0.629479272812469
0.6254441090590892,0.7158911350271233
0.21547227095120747,0.7397782593810064
0.6496821148175386,0.5804576765027005
0.46794484901414124,0.39122823767322057
0.8890885849100635,0.9593947789882079
0.5059204800075158,0.3391822012280131
0.4565545446975643,0.6159611996410144
0.1143559214702159,0.7530330942051768
0.5609561402976236,0.633154899009179
0.33124873417423506,0.6812406352874409
0.050071293261250704,0.7305367206400604
0.9832520865550055,0.863579515025712
0.4313226551583751,0.5119073006622459
0.9946902895692349,0.5367009173342362
0.46070422445799697,0.9785209807456103
0.2224429961894837,0.22149659478454076
0.2676614192715059,0.3349574353863104
0.9121343645105356,0.675954740047806
0.5228733125683224,0.0371352330685929
0.15475457750658794,0.3844738852204933
0.40336476629408713,0.7309798067574623
0.7175852876820115,0.7228521918830954
0.14312608460885146,0.5630740396500652
0.4682364323933075,0.41090614020577154
0.8114556913841103,0.43658541502009174
0.011431779853954271,0.6743343780360885
0.8774915274360957,0.9492759250004233
0.8801585044172406,0.6943753495597875
0.9431556999544871,0.32136823670098336
0.7504655096750434,0.08657690242425364
0.20144557682684283,0.3539108634655864
0.7496126097070694,0.8744962206263522
0.44647822093525114,0.8803356676966648
0.23084684634298214,0.4051344888438322
0.2237561115225859,0.1236068972267601
0.5794681925531636,0.030494699659747937
0.7137039495309486,0.9849184997435567
0.30262765265427216,0.3504530390816005
0.12660615966557953,0.5420077624692031
0.44215095097887247,0.6641709110189549
0.8648980431792098,0.6011981294032888
0.9737807592738893,0.790407102352999
0.4328032641361125,0.6796331496643253
0.3657483535984972,0.6851225862471798
0.4633918380078619,0.3995417525259076
0.23132167709530616,0.8358131851277849
0.0823403788707453,0.35070957415559745
0.7598669145076722,0.7219868371273379
0.2489051305721457,0.6669591480948008
0.4280744658132898,0.30602127490471775
0.9099708486997845,0.046765085817566
0.653130082943533,0.7500804070911337
0.6737926493822188,0.11760761008729881
0.7420489605940531,0.7113913924942514
0.5334136097252496,0.007325033947416348
0.5328140083524205,0.06297741705588333
0.5226756796742137,0.15124098638501116
0.6601335226344516,0.5590601366041953
0.829150900942197,0.2088477464184676
0.7593244471426674,0.4694841859440235
0.07893951738568272,0.7241685345814293
0.6794475603247923,0.5694075919429512
0.807000667342623,0.4465560474280348
0.35059736442649214,0.14681662701576648
0.41294381429301186,0.03884944737564833
0.635738914559132,0.5084313460507761
0.6736895834317111,0.4974996506125624
0.25890303478396604,0.9446525121779343
0.5888004644567812,0.31548806693768583
0.5644949836884023,0.10294990084070887
0.5833868457160893,0.934772518391399
0.5536967403711014,0.008591186358409608
0.3753784197145851,0.051882223845651
0.9825229342322758,0.9100753219469027
0.7716275626496629,0.4619624619927284
0.7359797519546041,0.3815906464524944
0.5348235455656476,0.2946717744550106
0.8780262977420427,0.2948325364285108
0.3374066647709051,0.20451616458237032
0.9138041384699718,0.11914779306937096
0.7613773629618925,0.2122885632720013
0.27469556910769133,0.8984834637415846
0.0019137906310653374,0.16122722217777186
0.27892520079014227,0.9948820045673633
0.5664303152149881,0.9129177543140298
0.03983129866421098,0.7163989078288098
0.5083220706170712,0.9786097136270565
0.7514281825514908,0.6144000989618371
0.3101033757008511,0.7795239314537391
0.9946821181482517,0.7041025441184702
0.0634666516252188,0.1898219852977603
0.056012550463664934,0.1666539981591516
0.8319927475726158,0.9860528029067878
0.647619320647984,0.8043042977936699
0.16105512813859846,0.008726174079310978
0.9282009062321955,0.19040211088041814
0.16258182009009114,0.931806129259238
0.8868421219992922,0.9242742311789193
0.4272415927231974,0.7544494355376314
0.30688275550072364,0.14643171704042035
0.6488304974686057,0.26102985830343384
0.39291844012385047,0.8023057012467391
0.29664405028827445,0.8319064176188874
0.14613632708454827,0.9003625917278606
0.43750233938090866,0.9631590820515077
0.9720646795290047,0.37690740724928373
0.07513005177480858,0.002355652832327637
0.9059940449605405,0.5855395971871267
0.2886067480491745,0.2566161998294053
0.46109282931345463,0.11781791947341869
0.11705566679359936,0.11591276899440084
0.8679457040234614,0.7000483068868497
0.6528417180226564,0.44805665370175796
0.22982651808897436,0.14907214925623335
0.7764482305337373,0.1442566752234723
0.4647229534804481,0.8000522677374561
0.17831509458201245,0.82629884161033
0.20039441680479042,0.30108546928513635
0.7091494441751968,0.606581951875957
0.8034406171437547,0.07022477639956792
0.40939211117250107,0.7639341212700387
0.6829721550559777,0.9157318300828302
0.9517962892789108,0.14521114400620505
0.2644548118178217,0.3893584699573409
0.8709836598345712,0.1117471408367865
0.6192343985874306,0.23838002318185114
0.6648951198114347,0.6039170944234917
0.1596878944421941,0.4686803160871008
0.3096205024692762,0.7297216576049328
0.17742039588393987,0.9224191290014926
0.16578548125688908,0.9943182178569592
0.8743116430005737,0.9234364499879479
0.8193788432568304,0.4833419879903329
0.512468418973356,0.8472926456626191
0.21407448532519036,0.060423163915383604
0.7228639945328363,0.9377967324044898
0.8747098410060047,0.24311805879431791
0.03510792654243722,0.5148065552995158
0.9630405377724837,0.7778341421151249
0.7896177609882764,0.9613897158835265
0.26364728873400045,0.4426531342133764
0.7833816800416349,0.0550680490708354
0.5227018506886197,0.6201020666605573
0.7970988835171277,0.1064710624317956
0.8654792973117624,0.760332196876557
0.23656951186801167,0.23108932540201044
0.5627560427021535,0.39858310467665925
0.7527706784858018,0.035185828480057135
0.6006736379229546,0.9854683295763058
0.7089922673096163,0.29115973340916135
0.04873925438183291,0.702218370670016
0.22431541559519985,0.6603972488350862
0.5489858741579517,0.3992230325838333
0.16398258125834508,0.02164383922711821
0.44010357898217656,0.8061762287488246
0.17142779282436293,0.5820887501663968
0.8582636701708761,0.5365731218441868
0.05759720581771899,0.5262831205310095
0.359900001223473,0.8160158792537213
0.6705462144144072,0.6065752725140704
0.9249736687953947,0.7096197432271818
0.065606140209169,0.6731219396414437
0.33410788886427734,0.9738073254098198
0.5866317641037977,0.3825777306831252
0.021563041371243985,0.6351868299707658
0.06008766961902534,0.5827287603053872
0.6014756968732731,0.7058572282759862
0.1535176920756307,0.13152887607385289
0.03375783857663406,0.9876460533820064
0.8694543350873075,0.19890894564789885
0.6808886616333868,0.05574214428562485
0.40762589505641045,0.8956241215392379
0.5431929937908434,0.4083324912663402
0.28409955928400255,0.8038757083375098
0.47636973157450535,0.6071665577972633
0.48223537307444975,0.2964451271307377
0.5885084195929514,0.24283909526549097
0.7127175621418749,0.7999468419725083
0.9686847761521957,0.7825619973756286
0.8881760560377121,0.6956578697123126
0.277336902825146,0.5714230535958402
0.02398266180990305,0.6357769097268483
0.44295931242370934,0.8531927030155525
0.18528159376259068,0.5527188169023922
0.007323500660387006,0.8258707029318991
0.6258633245456424,0.1430426386092587
0.7305699982882475,0.040277192375454574
0.12143251738960648,0.6049011744883895
0.15771611753210446,0.11682289162968407
0.8743984925689235,0.4256859956141039
0.06250574013639543,0.07942961427662476
0.6741813839415752,0.9834884041017542
0.7825982136895167,0.38694344322796936
0.5808377263859649,0.49014197860280695
0.03660184251516785,0.704834281784241
0.9297213772489746,0.1735087939741089
0.7645438571215217,0.5891960814103293
0.6363281212029971,0.9215740584815446
0.2398248168245214,0.2927652218606033
0.11216006486247643,0.999417760989367
0.5509143483590271,0.8842550922896278
0.8267658669694508,0.8465691375561483
0.7232592200675465,0.8641033624252209
0.5818360667807474,0.5149465256411575
0.9393694840310125,0.8560687764173396
0.19417043983721582,0.3304404662802629
0.31013075938420687,0.9094470657040075
0.7921498150642888,0.9061382824736647
0.8760125369115863,0.9553520637999562
0.30622828058385154,0.7872411300376656
0.8096714695234162,0.6158813033962139
0.9081703172795104,0.8345773106700727
0.6004398377911845,0.5363687520737543
0.047382267795013644,0.07888112638453804
0.5867730892340659,0.6754173543213218
0.004850444379626118,0.3391166195486237
0.7132225217729106,0.5695012298428569
0.43592567086864253,0.6022321498587503
0.02480528593510256,0.16072492227678736
0.8904609930727688,0.3369009692897321
0.5015282850691936,0.9749936667650865
0.08070536838849829,0.8672943968296356
0.7551413053122914,0.34770519566322744
0.38295700172253055,0.5211199741824707
0.532979755725964,0.18766138915432773
0.46799686540193,0.4120766550935405
0.2983014507471421,0.4788588698928413
0.3927136257966105,0.5789568250630265
0.5515443982873627,0.10179359126205267
0.9662056321283086,0.106172743424923
0.5097827511074083,0.8804804291162162
0.9991975376878379,0.05571885900586426
0.025162135442113875,0.28255203518989236
0.2547284399960009,0.1958821501029867
0.8066701986851776,0.6004915943056303
0.30717247998022956,0.816803504202015
0.74328010205184,0.426957543840245
0.7567862626512566,0.5197762924447081
0.9633100825990144,0.8787625131751968
0.30262840485909337,0.3748002877076805
0.6368176215936874,0.8291969726261676
0.03427816789401383,0.3017581682527789
0.16382707932193707,0.35485835672189514
0.06406373697755918,0.6171955104564715
0.3633421919876807,0.4723965495475314
0.9820545151674889,0.09189291270483435
0.09835730097231354,0.7500948945532502
0.5562810263524331,0.0954420539991141
0.15557980714634034,0.9746775770887088
0.4138326089304747,0.5881961118936634
0.04480631416130987,0.18144395030470695
0.4321954328247898,0.2689564926966227
0.46995497421029087,0.6481519071654182
0.21975955039878814,0.8873223053925674
0.49548800158664374,0.6495474078232469
0.6875685420416575,0.8858690842444602
0.5670172628054667,0.3442209808189898
0.847963169816011,0.02090641101838464
0.2329967668346219,0.5166716330408803
0.27144236288222434,0.2629993111450396
0.4139764161195374,0.7606173584953791
0.58979837129892,0.5253343826829665
0.3373439656937668,0.06744750347686124
0.049213897425826714,0.2105843371113023
0.4553037202888427,0.8399767177267827
0.5750918478041532,0.25829840508309665
0.8205381035696152,0.15965512954404992
0.1355184872705001,0.37751685028616677
0.7600187417257619,0.47735384861370833
0.2913485532387199,0.12577313112305377
0.31044032130111443,0.32642871792441186
0.9064232245921438,0.8529687440331574
0.8503951540083605,0.8994360218859614
0.33413562538865127,0.9370580867616294
0.8016512783075861,0.8700859307551551
0.4132256364863083,0.15700655323157808
0.6933621441546681,0.42650481895470493
0.7219454417995048,0.3582145990594756
0.7988153002461335,0.9128685619806473
0.8652236365099778,0.36512027443068085
0.6991388774570522,0.628187450510659
0.5217209437492545,0.5970296945462762
0.9020869350407942,0.061812880016178684
0.709590572396297,0.9927720034864008
0.11019451188709806,0.9747705568519129
0.17344465049569346,0.013127508480450523
0.8243181176533174,0.27331715253608824
0.4303564254053466,0.2986374707324603
0.49472280484127173,0.37357695748606357
0.38444077428063217,0.8375699295711337
0.05841769609391689,0.44258695277384597
0.11674155131057062,0.07175366110871972
0.4129912471504673,0.7749440862713213
0.3525040809178078,0.5937487113535136
0.7014742049553736,0.2942304380367312
0.047497539119928045,0.4113382507790361
0.8367197463290253,0.3595434052339118
0.35727508306302613,0.421397425924915
0.9491902641598194,0.753685704812201
0.907233089736452,0.128700710832776
0.20156402320486966,0.7636283950133449
0.3434985540184301,0.1578728788939444
0.9156532795139896,0.2738192826683169
0.8165424124509884,0.4632518760094132
0.655900992893393,0.46601553772438453
0.8882428713075423,0.7385371834441837
0.826879630977166,0.14012528945633584
0.27425971984522446,0.9827957042830424
0.5506394597236955,0.740099241914669
0.07168685638969574,0.6479720727451975
0.308287894191169,0.9853363897103069
0.05985353178007591,0.6195344748496309
0.40456398378075686,0.996611026599454
0.9190145120012397,0.5358887503834169
0.42780013008759654,0.3255138269894594
0.5381074287213191,0.06648103455150656
0.2738714350226976,0.3196501506152477
0.04268373451231067,0.8297114656423209
0.5756640289384594,0.6778462772278651
0.980669490266652,0.5721312010424663
0.8846364361469177,0.8551212696574135
0.22143901124788834,0.6068090232291055
0.9265735572853971,0.8868527289498261
0.5998093213533023,0.8056330987896759
0.0018963781271680302,0.34491613284739797
0.5403109032211846,0.4766944776760965
0.7982317021039971,0.7255713487218909
0.16300366275502542,0.6995818226940793
0.2518347912931559,0.4542892947204912
0.12385334143181415,0.9142580098231228
0.7051162237246987,0.05583924081560632
0.7411705840104857,0.8637120734875433
0.941156943957007,0.622911960088372
0.4053764996329452,0.4077477669733862
0.2463491443492818,0.6592551248745143
0.2977661820223819,0.7354737315995827
0.4946079381112114,0.76136565580085
0.6957785992381335,0.9278681144157266
0.8551981607125047,0.8063787887960263
0.385119989477957,0.012978351050745185
0.8296666375958661,0.1238032504285298
0.05295737233424713,0.6754568049540816
0.5765858285291098,0.8568029506940701
0.73734555660188,0.5144959910420931
0.6308333528398,0.6408503001027757
0.7661819702487613,0.5541987510359281
0.4329669423531709,0.05874460696949657
0.7764942459829194,0.9048642507513504
0.3846134264382971,0.19901438910042524
0.5663045205013226,0.1630207890554598
0.06720097481326648,0.33127407930365993
0.7099801601523843,0.595822195642418
0.4269207923647891,0.1652025442586712
0.7250456501367706,0.7562324483951037
0.8090914027375704,0.5003194448774273
0.5685216260733769,0.8672916565544724
0.7142762837372854,0.598314319938426
0.07996923558143842,0.6938453934430319
0.95050192163511,0.9470487384179432
0.797389063262758,0.7839555788885539
0.4761492926874199,0.0694928659988645
0.7842185099789211,0.899521248007644
0.3803622932448043,0.8308904973533272
0.19559385210162294,0.40619402968747675
0.11163690835706253,0.6499980683253633
0.19946226772488773,0.8134267477776543
0.7336732045018497,0.9186482953320421
0.6554071448304803,0.35635473761482017
0.7620928427273422,0.22616520983038635
0.9904932651378537,0.7449769904387248
0.8226340074150335,0.5506975378603206
0.4939360092363926,0.27966674390404345
0.8754629884722431,0.6214083114921446
0.06668191955391922,0.9625031551244602
0.6761709130678976,0.4584283103195953
0.9749678003708203,0.8414913592495077
0.7085504155317164,0.12737989338941114
0.6412558043742286,0.3407323730607157
0.20779131678419138,0.5258353528346781
0.8918238498501322,0.3780574081142202
0.48430799949358583,0.26013805587176986
0.9019622800793891,0.8639138398224957
0.5464960533450185,0.8395520311450563
0.6936852275149976,0.8391815200534883
0.28116361791660327,0.4319279074857333
0.16602982427720325,0.3220027438300195
0.059186847470044324,0.05333572117268348
0.7425152247657718,0.7120301894279374
0.38871240675740504,0.007437160057139458
0.4464775871835145,0.6679407794750595
0.596172987063105,0.040631168392334605
0.8331310851926956,0.1491147994942177
0.16220272752379872,0.7018406001551465
0.5338349191221178,0.13698839040844657
0.7687679209215488,0.8144756444191388
0.9694114758038218,0.08352930763944522
0.16332316716798345,0.6328644838156228
0.7590095924586258,0.9789018795884359
0.6978266783645322,0.9146440081592975
0.593252512781342,0.04431327178101696
0.9045500283251963,0.9399715694283216
0.48782115693542294,0.10895151970658357
0.004053347388442208,0.664984246642611
0.9582957455049584,0.0801182424185265
0.7074502369721118,0.3228613365042674
0.44513743458349586,0.4062368877840672
0.9212394641725135,0.3835951665189057
0.4744968193592197,0.8824376853742438
0.6303052195466932,0.3523653780636328
0.9537134303818571,0.2249812682370499
0.6774027733813311,0.18336121385255633
0.4772964793342127,0.0049345960580943204
0.9633096356715455,0.30753816257578803
0.4797284644164599,0.8417148645283395
0.6921807025550394,0.7034835424539784
0.22830347927107364,0.3617891579399366
0.012446531467635191,0.4840633250729368
0.2178605245594717,0.17848469770703534
0.4340592188642175,0.88566415523001
0.01953138425050871,0.14507403312196898
0.629745719375522,0.5206424503485014
0.7831267790073332,0.3970413490586151
0.9754929490062696,0.6556108839294372
0.015943352394338084,0.7594021890667323
0.13220707655499941,0.658322347805001
0.47123758878915156,0.19474196454027914
0.5850015619558953,0.14671531519017023
0.6974883377218379,0.43106171537950544
0.2547812234552239,0.12149813917020758
0.34754627427888407,0.44400165240629386
0.598150049817669,0.4352455720978371
0.694900436410043,0.11468040828521198
0.13118344923392067,0.9740320499452112
0.9999076892119927,0.31803553413139785
0.7724957695696364,0.7953883500807167
0.0019192445962925575,0.7479181691386866
0.24693247975519517,0.6513531712617041
0.993656119028962,0.7701074248452338
0.7359061103879195,0.7402391064787792
0.1959533464616311,0.18771503337259987
0.1425501245081523,0.6226184944794645
0.3533606720175946,0.17121243145961884
0.8086932537402645,0.29128236854370937
0.3553152497820812,0.060468764320778745
0.4847068505713652,0.6373575377612698
0.1673396670194317,0.5402125381041452
0.23288176175736663,0.9524209815076534
0.5536201016236807,0.36860818104112536
0.9129998800742282,0.5854935086055779
0.35844664693462136,0.4452031153029231
0.2541230902307271,0.3162140378761916
0.8229324318184605,0.9413267967880823
0.2779089116075677,0.9127079029089145
0.5106516003541618,0.20965642097500758
0.46597675799889327,0.9790730126672165
0.748223709722905,0.21366161121183125
0.4739923734149124,0.25263468035557757
0.800649763742333,0.43780622963822824
0.2601628780103882,0.20227517746845203
0.8780451116285785,0.8079362036334127
0.341954961525303,0.5173973996310547
0.5574743114753365,0.03821962633359022
0.6881142773981664,0.8471130360105891
0.3860289833442957,0.3561454167355319
0.4908012942391554,0.9976414975294604
0.6792276199865694,0.8828991147151123
0.6680857614944634,0.2414292025100352
0.8028036636843403,0.8157054473384528
0.9113245412975213,0.3685861479113066
0.21659346583097228,0.1922636317128109
0.5987848706187704,0.8981723108627665
0.10958192140377965,0.8349929242410085
0.33858875845724223,0.617787685834299
0.08822327683150932,0.3280022289069785
0.6302703517996592,0.21367962619959713
0.9966992719231165,0.5126468451708481
0.1195714190175633,0.702030023252301
0.7388392583351443,0.48484420336860334
0.5101820746581023,0.3303910223043669
0.5951813381011047,0.6067134924965473
0.958217686590954,0.5025931304361936
0.8038191717385273,0.17461556977894988
0.5382696580355122,0.6926756482228874
0.8579582484545265,0.2993621316002555
0.09726256870906358,0.03736394767853346
0.17734163359635335,0.38872391966752695
0.9024443240180587,0.7845317585600424
0.7648115182376829,0.6795657216696795
0.6800092558157197,0.41174974699031086
0.9970344986788595,0.8615604356040377
0.31117355416414494,0.962714009566834
0.3960544269521804,0.6007621585274822
0.20591190066149512,0.7888439314945119
0.5638294639565754,0.9961823802940665
0.3542115052945003,0.989011564983528
0.736371644904835,0.23633536200518612
0.5487961209649669,0.5555592169988005
0.5768243404399955,0.36112889228384515
0.8419959907650092,0.08479121080654672
0.5645677124309356,0.7585013852599813
0.8186354178969396,0.9949584753750667
0.7965076842155645,0.6338693154782007
0.26182054884700245,0.08774200706762203
0.3817055477777782,0.5634809911806821
0.8041917129370292,0.39564269038278765
0.6831073957283454,0.11883421388819126
0.21609398665062696,0.3327005809441339
0.27605011916468036,0.001983743946155081
0.8524061855276177,0.10730340484919643
0.8181623298060577,0.1756101384733707
0.38722493545505,0.2919417820060274
0.8086990801372351,0.6073377993198148
0.7991543328614767,0.19951217407251076
0.3119421381219759,0.48629525146403596
0.7154204495580514,0.2636233648380082
0.03437535432876959,0.8088225392769438
0.6378882093704372,0.8739604891969419
0.49022849157266213,0.8102151542511903
0.0194777088558703,0.22825374765073714
0.6648216102691081,0.23891266868071293
0.9531254176254604,0.6804967461287457
0.2007889630275287,0.9903914372784521
0.9959588748447259,0.3269704873292619
0.9789444042825705,0.30715754611455504
0.9940289958823502,0.5024476628582527
0.7499872626642864,0.9432762841916426
0.6079283004322207,0.6035262059221622
0.57256982566669,0.013772305084584602
0.9118242059587693,0.3107485477095012
0.9349775844392411,0.971557481460893
0.6344142969408536,0.9013415438824555
0.5294695100110619,0.47634568644225983
0.39794974055854926,0.3195011498470728
0.7279544582336747,0.6488290906033032
0.48618959182887866,0.36643221137127024
0.01227715797330342,0.039384112943334326
0.13972868411615103,0.28846169403099564
0.4682145886729956,0.921061855234091
0.3714329206307073,0.6455353845082406
0.569721927680526,0.22547252613329882
0.4941239050904792,0.4588574786237519
0.05852191134277174,0.05390234531140281
0.4574520108288328,0.9393459981577671
0.3483995873520458,0.38660642775495657
0.7713617256500044,0.4458107975726976
0.4274084189326498,0.6879217703093644
0.7153444343220046,0.11959340843399213
0.5608963084537502,0.38369495433040934
0.6080099927012238,0.4982104792609825
0.03036092069291807,0.9722608609523843
0.6814604682627912,0.21669830537650303
0.4314171883996957,0.05561414944074816
0.5968858325212801,0.2820838335057245
0.8445152942609289,0.3563173067180634
0.3807128459594623,0.8636770254720031
0.8980948443920045,0.50914717058468
0.07020323098617542,0.28010641717690976
0.9080433486286743,0.3371358417029361
0.28256097232661437,0.06092186052881299
0.15774629199050005,0.8149394455602035
0.13870552480986853,0.787150961883505
0.6408648065865842,0.9696288305462358
0.30339574211101705,0.9675157416487492
0.1042179437572266,0.26265460505451954
0.40485757759682095,0.13273797969614698
0.2865191756913663,0.9568975025090796
0.31177494377274895,0.28408404481401983
0.6884372078778812,0.898551276624805
0.7231624097257016,0.6258972038361749
0.901361634618994,0.20594010239816185
0.830287573797968,0.6633513306661334
0.28174149689171746,0.7475188232746264
0.5600560094845844,0.3135411290183432
0.6170483555449457,0.11124426019203426
0.6345280212143232,0.06397778829570433
0.317138429404459,0.19268113540085618
0.5320444440957999,0.41360934105033553
0.7092943823622663,0.652320501080762
0.9871398183627648,0.15671761011896446
0.7252206288477205,0.8642621026011568
0.816967384671877,0.9509526109355776
0.6491355614998353,0.7984774617101061
0.5428448649047027,0.9089526222796178
0.5886922048000202,0.78141277949873
0.5717065862968926,0.6206568823256677
0.7817820854737946,0.6257157035119509
0.8343617380842703,0.7834805239790866
0.38839002786703825,0.15433552835026598
0.33760449386478375,0.5151997746365863
0.9917369888492623,0.9775256342587976
0.9799663959307996,0.16264636586296166
0.34895050682395057,0.7106918100055082
0.5191890486260209,0.769244294040455
0.21783191489132125,0.38944909532051053
0.9409761621455364,0.0782335214093498
0.5643410567279753,0.2345668936015679
0.9405711671205603,0.6136360767802729
0.8720939892727464,0.8826099854118336
0.3544178811323978,0.9670084049663916
0.0424431614862516,0.2661081237235644
0.3263744407667961,0.7818574871759205
0.6412957358978965,0.08323960239690276
0.9605645299846455,0.12950341713809488
0.5750491689418686,0.8627867246868672
0.6138054086806679,0.35040600843192937
0.43834027956224253,0.8272853093336882
0.2946881931811963,0.5494882559982538
0.8549205111938912,0.7817950251334105
0.5844625475152261,0.23946740851449833
0.8813502162716482,0.6546807553754971
0.072931619986627,0.8599833468190369
0.9897640185252614,0.5160319995161845
0.7083602976301707,0.49443879957175507
0.6912072657666215,0.02699128543185314
0.7715580176820166,0.440745950934481
0.7837328026415948,0.49087430611004157
0.49852684770631905,0.023029514020116326
0.38021544830268394,0.7559173319742667
0.6254751078915264,0.2748971684455488
0.7357882878047958,0.6463351318797727
0.9136459465963156,0.5975772356817906
0.46075919927360276,0.42134162330589475
0.6094402281587198,0.4622659944990869
0.2826834903043277,0.5620216837008795
0.349736702152047,0.5870100583345648
0.19441284945673198,0.7242087071774763
0.07064907870705428,0.4024008068327497
0.23086921213985,0.14947332374245648
0.02092329382763214,0.6302715986442249
0.05127633613176852,0.44746752433686965
0.5173430230119619,0.2856447362224874
0.8807080271668937,0.4861108207169389
0.530719132311815,0.17502631212750053
0.33817016888221474,0.8945186238734196
0.2814843533632231,0.07043738268274102
0.047920560891629216,0.7009261360137936
0.08823526834906581,0.35097141773356655
0.7160453601609678,0.49998431479063
0.1612592214705304,0.28974058774967626
0.5330045898817218,0.4101733910015297
0.13836783487802906,0.3197668383533895
0.005312856682701095,0.45627577717682166
0.09224993383262226,0.43604747004904554
0.8650655134342223,0.24142720576826604
0.3784139800687045,0.24575859644855447
0.6857210714909241,0.15695468441029248
0.08148777794229234,0.8903528821753838
0.4494325686658889,0.7581732950996044
0.1957997804334427,0.1981689114253552
0.38407471592956,0.24701390364144538
0.9375287981743348,0.9782879439768704
0.19479567826307886,0.32182213917648317
0.13110019216703195,0.5318107226027179
0.5105682839432412,0.716985436698143
0.3978306422890773,0.8707858051449056
0.6975244751698482,0.8597248848270821
0.6451428724261216,0.8423494286365771
0.2566881220694156,0.3069265397953329
0.044725135128317994,0.3783107111941997
0.1785930718354991,0.8944092635472299
0.7556937775773661,0.5015789317618617
0.012935321934025246,0.9092340734306407
0.541043812076517,0.06574870179148395
0.5125413368308565,0.8861289252749044
0.39747096387034875,0.3426280183483428
0.719091301087572,0.08870794777834412
0.6906737046744675,0.5127376617891914
0.040523390275144955,0.9575990769975531
0.5545111284689205,0.9989086169717925
0.21391665692648842,0.45920243390625615
0.13690019390498054,0.283040641396226
0.7977139554806759,0.724191953320187
0.629919475195383,0.34875405264218473
0.6127052807746467,0.8163618741116142
0.29254546954048233,0.011047474025376314
0.9303024746997186,0.14446659607433776
0.2857932118761224,0.9455353851119817
0.6419652193043085,0.4061082467651572
0.9439020192945548,0.8767664317790438
0.5759765025169884,0.24831580144264875
0.1330608798325974,0.9528163660226484
0.585210664377703,0.28180868807229287
0.11782865102005047,0.9401713640174383
0.021948792793762162,0.0775609034692446
0.8282636031293203,0.6551442203655153
0.5731944946266141,0.4472505690193289
0.5557047302163758,0.3821305236198682
0.9079902876980852,0.46146272462503124
