0.1777714143978968,0.6648125866015832
0.8927637978275663,0.20960761962158048
0.5126999003805832,0.6107438660289823
0.055871614194279884,0.1924162116957665
0.7129332595218738,0.039128758123738616
0.7791267304480466,0.3312290390660665
0.26759004400769426,0.9523860954123514
0.4002292634095824,0.7314170794103456
0.22049764094079427,0.9996743319138335
0.14383053321603612,0.9149741751424955
0.2400539832650097,0.1933872155716202
0.4185987566877346,0.6053550908726397
0.12478729478134698,0.8537356552956281
0.4378147613275766,0.8629300793489039
0.5902493028132265,0.5097131497379929
0.31967705673431546,0.19190420959681642
0.4293927494747899,0.5349273061400852
0.0157683447271596,0.7465652091928491
0.7925633799452678,0.7758080819683013
0.04299026168749087,0.8742405225142023
0.8003714266222517,0.5911261796078081
0.5298899724769499,0.37596549825566916
0.45886311426532544,0.31599550145899646
0.5821380762047678,0.291671621455144
0.09348084639369436,0.6093275187937707
0.6125605765913735,0.9467511853882987
0.9574253929548802,0.09138553550381423
0.8252116536757581,0.1110898010092467
0.4132915157075734,0.08380462444388659
0.036362505303279447,0.9139314217158906
0.10050221918608204,0.9129995728915818
0.9331325274390178,0.3449440949567848
0.10331494171073541,0.059235867507497875
0.5636440645202705,0.6797053640524559
0.45682168362838105,0.6198878371043985
0.20855987559925215,0.98317249302587
0.46751265267783604,0.6030652185097508
0.31451633400590295,0.5874228520191329
0.3959335041357913,0.5496304405776731
0.803491827150141,0.21342211108829456
0.251198102025484,0.29313342446713275
0.5874643839003377,0.10542076607428585
0.8260826960381485,0.9378639955004632
0.019697755833177122,0.6535071490005653
0.9613179449250985,0.00201448521662162
0.34466669382092385,0.4057520926711218
0.026969733958464248,0.011512254934432753
0.820750997394221,0.43827151240054973
0.937090343970512,0.9557314900692295
0.05819148446915401,0.008754669741887211
0.12157992893666936,0.44697958339760513
0.7081756442397252,0.09622260271513561
0.0973826582567282,0.35602161278509603
0.9595329682110268,0.7525497276363833
0.3258427827893752,0.5428746191963764
0.9417730870486273,0.6999363175352308
0.08560107726043953,0.8832432083769954
0.7319367108077972,0.014486250284064583
0.8593687522028682,0.5636955974915268
0.6439361182702997,0.26606303760791883
0.2936666360547757,0.990194857870145
0.6233179611186684,0.4915758752170787
0.7799661498227233,0.2312204398759169
0.4775735967844039,0.9370203267067264
0.7180190315516377,0.9015923606870949
0.7227417320414388,0.5910229213220317
0.13034865719149558,0.5760807942066635
0.3053939000339383,0.6249860399611002
0.8246554932197783,0.8978731696627051
0.11692073679200088,0.0382694451339195
0.7076766266904436,0.7642217888627308
0.8496232585599414,0.45679781246238094
0.704912883260791,0.411885411650851
0.3767641771717969,0.07313525818667466
0.7561308037340873,0.6587622781735032
0.43161426373556633,0.16055640551190864
0.5653254923835883,0.07356181368486225
0.23220202881329766,0.26229140462290745
0.2778097879611209,0.7924486638177627
0.8021560565234899,0.06421463249123682
0.5621342137090346,0.7486030278664854
0.61428184982756,0.7048977328646028
0.8228255752518312,0.39377596185138175
0.4226132310856838,0.3719092544765664
0.9791542769499963,0.7382752973939691
0.6815121222524988,0.6758837814141078
0.47091430602731155,0.9434064316765134
0.03496422795235454,0.27912554752579755
0.2772149715562139,0.11881901593770705
0.5119579387301879,0.207580632937732
0.6876485453384394,0.716935826503508
0.19519001317625495,0.3803488988183875
0.5807408820692602,0.08960694915309841
0.8919387655473133,0.3790736059066575
0.1296625912343249,0.27227869109076974
0.11520904921661113,0.7587259928358494
0.47837427008093425,0.31288371064610454
0.22001007925269433,0.842390056601192
0.550117915431348,0.1738234072909418
0.2958800005165879,0.5069829445540207
0.34019946703227655,0.6956636006860898
0.1617213020007996,0.8470419115822845
0.651276818070863,0.8325226889196375
0.8851671870956246,0.9002508296897658
0.3367880722856684,0.8770520913244488
0.8896482140620987,0.2455405781602974
0.05676960458897129,0.07518519472649621
0.39392012725771497,0.04646963051901043
0.9953382232409154,0.7788460087616492
0.7900864419285337,0.8629724283821181
0.32027404899759293,0.5923714780243988
0.08142696546903239,0.8088547175831285
0.3520185165752413,0.8586024379495173
0.30439768314916227,0.20735667643333522
0.03765528732312007,0.17759814401662122
0.3989461756713868,0.09675720788004072
0.4417064583611009,0.9880776859556637
0.8844804281247005,0.7478604358828089
0.5046008266449599,0.02369448991769485
0.5931195015978423,0.48976524270422905
0.4047106993049666,0.6420100866340345
0.4021000505870631,0.5352339785709863
0.3513524364266327,0.9984647296594318
0.6237179172994434,0.08527470706948737
0.07463754758558394,0.90037993809626
0.36512306292982666,0.5404210190074126
0.3556857521646799,0.45029268956681523
0.8272399689033226,0.8633522388709663
0.24000636555129506,0.7369844042564547
0.030151198542889612,0.5537422184067706
0.8713108109378846,0.4132073697941524
0.8751910173878721,0.9665120243011684
0.38552093183822167,0.295444143264874
0.8901045397767814,0.010479548259456073
0.6534211764987482,0.4614104223898021
0.09572794187542621,0.2806638841310892
0.3504518163839062,0.7976815612779069
0.11421276530068658,0.14338910939470528
0.601272732958765,0.09941368302313558
0.9434765043099785,0.8897266336873937
0.4765511686623176,0.05321787573527903
0.9143557779177226,0.2521348455321275
0.8707483798743687,0.8321865889744943
0.24487760097850442,0.08134256003840867
0.8510576263991302,0.7651794383234
0.20520865163925006,0.555558491383476
0.1457038339266271,0.41229559502529556
0.659450717138353,0.7583937297460198
0.5958609050338334,0.6979905432038539
0.35431930361304387,0.7269304243094842
0.5675840496695824,0.6250432331421183
0.18663619301610623,0.29737968208965215
0.182917148364224,0.795518989285034
0.12088451484902119,0.044332659612473124
0.06211213891525946,0.5246268751314717
0.5107516363578748,0.22675855090151242
0.7275407839607695,0.07719498944421299
0.5964760325797177,0.5726788874554423
0.7654427355784864,0.4036401359878077
0.23504291412357725,0.772359510681572
0.7897810848699844,0.9071730183453366
0.40201072010530514,0.09019723863836371
0.39273838965002916,0.060365493568081185
0.6786057621961067,0.036334544310161365
0.06902477604312984,0.7125199353695719
0.05673834721435744,0.635494950614303
0.7662049626978307,0.24885039265616005
0.1410574145805572,0.6763042128883011
0.04669289247928465,0.03438493202026216
0.7649729298793262,0.489046267922407
0.6248229150370765,0.46558862405421164
0.9379305859359318,0.9027690252058181
0.20357371889058673,0.6705282765155312
0.12421001088191641,0.8463763702066595
0.41533611199628084,0.05816286521964231
0.2695844490477385,0.9471504877071023
0.5704751230592132,0.9939275304319392
0.5312324001151016,0.7028261485171551
0.5285698431333227,0.659721707574682
0.3282495332795782,0.7771842937767937
0.8893628320479071,0.9510535807674065
0.09981635105849507,0.32224025035955184
0.2997405570107782,0.07910384007478322
0.9269819845968272,0.7326924857747142
0.24418039315732154,0.7442400647112154
0.6878439511848146,0.9505722292978765
0.24339317188710996,0.0600366941449455
0.7166154437879355,0.5397708610583654
0.28492823860837024,0.31809952362265015
0.2378905013868604,0.883236011510857
0.14896820347201245,0.17847613019444553
0.517874041476263,0.9728763710124241
0.9808585461164682,0.16359186326566655
0.912053257371315,0.013733957269001507
0.646900609919411,0.836574730054874
0.019478738520184447,0.48610570767666683
0.18111951774717028,0.04978857178764218
0.2668857570988754,0.046021974143134026
0.6175437627425563,0.3394229087104994
0.7843491471641618,0.6403917165522965
0.5507809596128359,0.3055876922132549
0.29448136206351694,0.49708061429659156
0.8623936281001635,0.11699061859526916
0.44704060683942415,0.9901957990885614
0.9390267510455614,0.6459915718192559
0.2918271530586838,0.10580322207895831
0.49552465816874525,0.24084222384911624
0.6828821991380913,0.35237749695807774
0.19684908454777483,0.5486652056511605
0.2452606592460247,0.5622218508098569
0.4298656545515006,0.7817295314608025
0.3383083448429205,0.34614264725538524
0.3912802011008074,0.533443949108229
0.5716381037003258,0.22899996990190552
0.5930003724580244,0.45625627900001053
0.07097682393120064,0.021063965834054343
0.16227172361016207,0.5724433019335685
0.8098578144155294,0.8102102561714986
0.3324723331795534,0.9629860958395784
0.19916797678969467,0.07603241433111263
0.9918112159087605,0.6780674945118201
0.718956931949399,0.9233024180399194
0.5337873722759852,0.571823000314805
0.19942850004998702,0.105755601428284
0.04964716228395072,0.7067282643901128
0.6009474956467088,0.20974634666269065
0.5972808037215548,0.8583757527722939
0.06510076305161139,0.04049233667532126
0.05263939359717551,0.9849137564876805
0.09620368161882609,0.7251603384514351
0.7613571615306808,0.14778301225961865
0.1105167403111792,0.23192106416973624
0.6037590665531567,0.13381995657479873
0.47163832157100005,0.9471946487912013
0.19023017912221818,0.21036297838708984
0.265032319473828,0.1346376363657995
0.24774945611375943,0.148355757481185
0.5854030330949443,0.20903222140896327
0.039558037371719146,0.9381584314666992
0.6695024771846079,0.5710450520456967
0.34920579463758195,0.3556125685192646
0.7577974961722326,0.301221621992909
0.3610447000771272,0.12563864504428424
0.12307147034252608,0.8142178794019909
0.9898683190203513,0.26102833217807786
0.08242944077026026,0.5258806564028847
0.7059702588879287,0.7661547317324724
0.8565084689625503,0.4250228227831352
0.37205970419079204,0.15938156927251979
0.2854308129360812,0.9127697413814568
0.2863739822361616,0.9500907072259118
0.28520881929872155,0.9443996587893045
0.9014510431471287,0.9323054966280646
0.5034515634180622,0.3423987023282099
0.39105299099011026,0.2381684455151616
0.9108071720248205,0.5829908386304438
0.6919778653327787,0.47281104066267754
0.20154242526638888,0.729359117553009
0.14549690030081475,0.08734674192661163
0.9635045228265977,0.3086471509652745
0.28589254193157165,0.6010916252093673
0.9565643572971483,0.24935438931074716
0.32992559546885936,0.7953029012643043
0.2392653249679758,0.5436554471473386
0.5947104632519329,0.19428115340442664
0.8006919412004021,0.02789351012438246
0.40262621474216587,0.9330312849201291
0.6883980246462464,0.252728844859507
0.07072903430293742,0.36721721698057197
0.8545734371188612,0.9946539247350571
0.1839412609744545,0.22136662697345388
0.7720728388323361,0.6440797896909459
0.2648918567874413,0.773944350944521
0.07805738396463724,0.13884315512855583
0.07585631768842471,0.1679456014632853
0.026786777857323862,0.147354225649047
0.11818259083526195,0.12081363808652501
0.9245524308141143,0.9933745697440078
0.25858717750070104,0.1341754409220599
0.2486305954728083,0.9517089337094616
0.4312600290177272,0.2956298932613991
0.15891198804952933,0.9399448040062802
0.7951610504622217,0.7412379708680298
0.9507898932262868,0.25243005632087545
0.8876011265526358,0.17153621618171722
0.30095994791597236,0.7861948514457558
0.9140564378893064,0.9267898232715275
0.2810805183538879,0.1339207562502811
0.6081993360480759,0.9824407861808739
0.6052293118625514,0.45702195006131907
0.13217079402652798,0.1744457988344168
0.37538002362314415,0.281485351324131
0.07515102981792865,0.6094473551975627
0.05515736614907707,0.6800603319022305
0.058565317073143386,0.5163650464468201
0.6395409965870428,0.6636355154313045
0.3225809406407124,0.14564621483566043
0.3801382984245911,0.5609475999537601
0.6509044893179389,0.06804659473060948
0.14007465169111466,0.1604338080867762
0.5433363452898491,0.1748901064311562
0.18065473339195792,0.9484430531080231
0.1903455278287408,0.08800956263129944
0.05346771824612084,0.32774538115671503
0.34236815705828916,0.5311649384081575
0.8753820394790901,0.380806644626947
0.38407427784917747,0.5073882553914827
0.9003507638316671,0.16584086497779915
0.2283152971611766,0.7907090900091276
0.1363582319042803,0.8417223391270509
0.6745652729380333,0.4516572749290223
0.4801229833430499,0.39647664793614523
0.46228622230319316,0.2455585941954127
0.22783266022178728,0.7331730569571319
0.7544014618002823,0.6976807637225546
0.48435176564949267,0.2770707853402601
0.5559718188419612,0.31421955510689914
0.2894596211537852,0.28492830882857567
0.28153600757354014,0.6562510229380931
0.4834547997511912,0.8449312080065021
0.3229699836517337,0.056391229770065276
0.1657498585248639,0.25524392517202266
0.0456205696853047,0.18868544632824436
0.3973922987326065,0.47762591699174883
0.8016160473666635,0.5559451831675046
0.4266700064522042,0.9600284122083642
0.6100379821245575,0.8018509142741574
0.7407336275018789,0.5267011069437864
0.5806117736085373,0.20565880226873035
0.9011333416474003,0.8530890045165771
0.2895220615058288,0.9663519034078659
0.14938904122375518,0.29072821385638126
0.47115961706271137,0.4854860286578987
0.5511233854845603,0.5094383819595988
0.1770547518956741,0.659324756551795
0.7927994451764823,0.6755231787408229
0.09568758626567764,0.6481774627623915
0.8047510516474453,0.3825698067265778
0.9648853575740275,0.41188457508947574
0.5844691841125499,0.9145412594190767
0.5044403231227689,0.22251773149734544
0.026750698195761924,0.8989760667065856
0.1082646290485404,0.05950877304688473
0.14297481178018157,0.13789750177686722
0.2157149873618458,0.35798238301837226
0.8298391723816868,0.3266619321087991
0.6023982456797109,0.548513827638516
0.4003982482452112,0.9034906607252788
0.9709236413233577,0.1521033760571907
0.9496678936420989,0.4344963228601566
0.7350186207248751,0.2819205866156024
0.4098488863398356,0.8178313864357087
0.7844974483058793,0.6725580452171165
0.6031141243995369,0.7868481528265482
0.15059690147136973,0.6352374105567131
0.1159563011844722,0.48867829041009847
0.5206056531061575,0.5485791152348366
0.39963020435497665,0.9245125048679211
0.04702847920453035,0.21809303944089542
0.3163236241633677,0.7657834999683841
0.832970725522099,0.4055740122284376
0.8972368891794408,0.10593719753457131
0.7480129117035573,0.20735310366133253
0.5652282533140024,0.6836882997280042
0.6396098030713193,0.8888740390066616
0.8539182071130925,0.5225133788634401
0.6489241683364989,0.5333396034705365
0.4977022189142687,0.3758646882005625
0.9452247580001876,0.26387580012002254
0.48895047809349723,0.20364224420753074
0.13658732557349462,0.9532368394507275
0.22263413099547646,0.11577039459146854
0.9905849060393414,0.6887018851620826
0.47492991020408615,0.5497714976294231
0.7154336285740365,0.7659631940694017
0.18279717665898,0.22891699887781125
0.3525731051788362,0.6103199176920442
0.18365397881156764,0.8023725135787182
0.309699990702765,0.3209623219490171
0.7720859747678381,0.09690357437213304
0.7600808570525945,0.9321621720896397
0.08932130124954996,0.7022169064882572
0.9240701838962889,0.49820722809899476
0.10585236687929167,0.9967216077129439
0.3704359765900834,0.2722514808399126
0.16881843209917302,0.03394492581903008
0.010630611408789736,0.36651772444312103
0.49241214487302,0.6373016655687098
0.04714677732081862,0.3863158287779005
0.18525616063848105,0.661264730066361
0.18668389378748307,0.6641713676825901
0.7656114610374007,0.8151923791391757
0.07186935394154903,0.8948341450136821
0.5266782470603044,0.42643936947032113
0.305993644107899,0.7918665869825026
0.6244648753138929,0.8103271181691584
0.07103871079264401,0.5159269553485414
0.5664843143777223,0.5723940439231419
0.21439140262142065,0.41422197238835634
0.029618517421544532,0.8786341452509502
0.818807806892567,0.9510566759871021
0.19272916059145828,0.2805233377306856
0.8109587898829548,0.6733536101603765
0.4406482199521463,0.7941178463865165
0.37219200494257054,0.9134917687672045
0.7353006833619719,0.09700246628272824
0.1640637840134953,0.5299399833188757
0.5124331547941252,0.7611752510132245
0.33583167345081044,0.39361081395571895
0.3904611376243402,0.6311217824882084
0.6779574084260583,0.6952550563680525
0.3490831408774161,0.18631871123850763
0.038194277190559345,0.8932797688061532
0.11762715544598645,0.556847898854121
0.8717718718104364,0.5120790495986745
0.6173290364201578,0.2959833688965162
0.4806191821817486,0.6298065850853184
0.10214050241413652,0.11942551212838881
0.8382413041102903,0.7016944417586596
0.7226745690213221,0.2366554956381477
0.650028184206673,0.7738259117098404
0.7027146551247465,0.6392396536006953
0.7994845210633813,0.667308086055945
0.7282646469723497,0.9110942446947314
0.10025167418794134,0.9041652928703131
0.9714471122248663,0.8513166888845874
0.5552309285066936,0.10901639064509161
0.2130824813595662,0.8845526747886581
0.1323466580420678,0.1971964627175039
0.688332466497183,0.18345564113926371
0.23782406216938567,0.6218455208459133
0.7703509110053443,0.7886969787927055
0.5531419574927893,0.9364893649245047
0.2291010885671524,0.09614929115621074
0.37603357261013604,0.9403352242512036
0.7513234020387749,0.7529029695660305
0.2823393543514652,0.9708719149459321
0.8758473679833512,0.017803421342588277
0.4604226517039589,0.1186489826849253
0.4585036748603297,0.8524964614235031
0.33312577405275845,0.42297737567348603
0.7330996519346279,0.8833640348225812
0.5720370146382995,0.6120649129264503
0.8809024883144975,0.31977241081454444
0.7804186852673722,0.1334418878308169
0.8909339536453624,0.5572155191357008
0.920762228550981,0.9439061975653522
0.17505297456713276,0.7096725809413776
0.017376546017666583,0.12962405878813688
0.029509988058301517,0.5831278956316926
0.8749073064847248,0.5270403248876785
0.5398200060517673,0.3137557220995528
0.24751599414940195,0.22793396205738758
0.5890731979575132,0.5649840166539654
0.4881496562890776,0.2642361755977858
0.6303819243977843,0.7716898195789902
0.9645832318767807,0.26615550384006736
0.30169826416527024,0.6251238003777104
0.5699555425552972,0.9838706252293309
0.004540278247966101,0.6557846696606167
0.9120497175428164,0.03988757105682694
0.439839772183938,0.9326743249286351
0.41877424300650135,0.4934465535349839
0.4891239361108486,0.675580571692863
0.35456388683802453,0.06436999056455739
0.777598671719279,0.28738426143369933
0.5755722663501074,0.5543257044302141
0.5805938416820179,0.39198450641339044
0.8512592857149633,0.3386828406436182
0.9120059736443913,0.8488996854597443
0.08520499919062907,0.19025506666190783
0.2324403992541857,0.2925653359496514
0.8035817756033741,0.25651728644915417
0.16158716624148872,0.5793227067864083
0.0008731323777174671,0.02709874769304188
0.7106565892560356,0.26279251886167554
0.3050686188829147,0.38760282529440127
0.17039742486993004,0.7645602689656159
0.8545432775260711,0.9064848263457944
0.0101674627421946,0.757575035036808
0.4912394950340476,0.8463458684735087
0.2550037016290011,0.4962403021517935
0.6404953845303889,0.47293604928897204
0.289155566564655,0.15294160745465113
0.20390443604077924,0.3913308869844807
0.18575285457148927,0.4002310539372411
0.44398212456862673,0.5428263859005951
0.6622814465566798,0.17074469316602847
0.6269897750475593,0.16429726002024614
0.0996452577872996,0.3008761962398634
0.26300734907868706,0.9811489313162551
0.11477072099113095,0.30801211719715893
0.7768273199164509,0.5083252350442463
0.7926760174498348,0.7766307358103169
0.9530177374655853,0.715364286713608
0.5716945144956319,0.04245157907245212
0.6737063885342902,0.29936616108527636
0.2990823128944484,0.15172529019838354
0.05135971264198724,0.18892890075323354
0.8903421902772508,0.6108821602716652
0.9448367854346791,0.611175621945759
0.418040476184089,0.06961414060368698
0.09015991585325,0.5214625935381236
0.6549789519302174,0.16012037402729107
0.4704785098116586,0.2510438349072297
0.5853613257679521,0.5329242052343156
0.07995992351936032,0.9135758223618198
0.7165392253135423,0.8207254482537522
0.8451831157439272,0.3844679857508614
0.8055926149627274,0.10251716967466296
0.24465075238512957,0.7037473250899269
0.134673444204503,0.6291049522068675
0.8551925903977702,0.12687746150134327
0.46859712489557226,0.2675692834602146
0.5524199348288005,0.6554199283062144
0.6948701922307268,0.32811049706586737
0.3292646488741604,0.8390460103520745
0.9416645787917943,0.55117706845315
0.3221932155125603,0.45781883812883895
0.9355093716559504,0.21017755297728158
0.9527229650906185,0.7782944437710415
0.5028087181317558,0.32832626558195066
0.8751236465766314,0.2655769059756693
0.09271076831858904,0.8288417424452823
0.7828607435866571,0.29773995952357213
0.3038475722319183,0.28419015923862656
0.5672410023941759,0.0006175248173271308
0.37939065489019197,0.6736300151635616
0.9859760750753298,0.5223610852562247
0.6133360668685665,0.4676962393173225
0.5703511038806872,0.8056250153301805
0.9453880142823878,0.954829398285139
0.15364306692192642,0.7455993820510164
0.3382047043834756,0.6804224808552007
0.8313948566328047,0.8387935785014055
0.19744453212500335,0.5529083207780923
0.6374995185122815,0.19527463695878466
0.4362279694041685,0.46416656734788386
0.8323601004545299,0.9148759096667699
0.3816752735763198,0.5998023257311533
0.3499284144133781,0.17918615873822463
0.37051997486737087,0.23775068898598417
0.33658959280346623,0.1946959314092388
0.24670007479848732,0.7024843810084405
0.674447874468353,0.5614507378355181
0.9851080069349036,0.6798036217346145
0.11239133383622724,0.38405679891522815
0.687969206491487,0.5794513662987367
0.4368416348529749,0.929761669547086
0.6023280898570108,0.2728074947590585
0.5909593108499842,0.22454994901763703
0.8064594981790165,0.057344527650018295
0.4128536448572705,0.6088686832374463
0.9198772447976371,0.9659966977744825
0.14025586147395974,0.5751805567789449
0.7597932923915143,0.8616807126373326
0.3869018884474167,0.11992525947556099
0.07400992236463455,0.6706332656948094
0.530436472813226,0.41901034221172495
0.4768840867696127,0.973072981803429
0.41118867414580973,0.7183083430654097
0.8134662303339846,0.835899825426331
0.01414285805282911,0.462558587018147
0.3802208812646365,0.05533317446440389
0.3004207288002976,0.2909441093056099
0.021837138088839914,0.17015812900352056
0.359021962855229,0.18572025454217433
0.262795880805863,0.9141620661380357
0.7965852947827613,0.10658712277505966
0.7452428914690351,0.64436602102767
0.1101276095735827,0.8023969921700581
0.9669729514596886,0.42617274831951424
0.3739980376759342,0.26441989852935044
0.47729113018351244,0.8126111259222765
0.750673223801454,0.8839142794352453
0.9500183586488465,0.38386895926571074
0.5726650825072443,0.611322269906
0.12651786943737753,0.3975831902910245
0.9715797378750052,0.6369364400070149
0.02161674903883859,0.6536278451104961
0.27032609224782944,0.1344624353169187
0.7555214358733421,0.5951006362818134
0.4558052542614569,0.8734714005186537
0.7472493214122461,0.6164739467909538
0.7437880030809165,0.27195101488422035
0.6494670357565445,0.20655257808542693
0.504366424181419,0.3271564176855618
0.5131527077154634,0.6061756059477823
0.1495670708461635,0.4111364797206649
0.25516472625297815,0.5361311439932721
0.07719317883621468,0.9762581754502455
0.5969373732469542,0.030912849525843056
0.31327855007481253,0.5660809627237428
0.25991832478451005,0.18707591084523167
0.34034389839138324,0.9741240716504783
0.4816400094355665,0.22006265540261205
0.5543646405746783,0.615261366015106
0.8130584373051617,0.24894960258686227
0.9116934173876867,0.12628563382958458
0.062421866472826104,0.5051079177499043
0.22433640928387177,0.32012390956192516
0.8570037158348413,0.9942106586019852
0.92902458478016,0.4348240222487416
0.3042823195154932,0.024737502779244025
0.3696752260414665,0.6439147412831888
0.6714869341806899,0.7925142081947193
0.6629909350678459,0.015270390598526529
0.19451380255240358,0.16034516602613558
0.3992910189370379,0.7076517324610059
0.5866149937082145,0.700065022213149
0.5391277911725936,0.29205045919943884
0.8838430295156539,0.31006584823564143
0.4237075357084661,0.5986579584471803
0.571961379391036,0.44071154539866986
0.9395285935597266,0.3730797530997688
0.267074052432266,0.029188524717975395
0.31720182770007876,0.2659853205154563
0.1254743072925728,0.2645679053420893
0.38486720333016966,0.9324028612002826
0.2052678956890387,0.6359375388216769
0.5194492484717332,0.20205172935041804
0.629757394100678,0.37081935235319696
0.6788937657074918,0.339633061320173
0.4718405680347708,0.07332542605710657
0.16966027162147923,0.2819932885324933
0.8449152676246859,0.06781838484864733
0.7494268719834352,0.12958110465479566
0.2895543656041195,0.6622002373822243
0.5137932487702433,0.22990286615182842
0.38647630188068893,0.9571410000000299
0.6622382895394076,0.6610187649126676
0.351327827075119,0.4389120527395811
0.3057477147039914,0.10257381865714177
0.2439211197409208,0.2642239067046839
0.15859689145517897,0.5676100982933667
0.5668791162623783,0.5749422737000427
0.8241991003908711,0.5326289804994286
0.369794456550544,0.5901959260695117
0.7269289062632717,0.788028661703387
0.12593955942974278,0.3359131859580551
0.2979726957754246,0.540774921347474
0.023009740066896378,0.2689338491832084
0.3055754600493896,0.918266632672658
0.8758049594593225,0.11086396410805
0.5013702246192294,0.40110821691664456
0.636869122746414,0.1816212678189557
0.9824665723817934,0.6015865282193127
0.3013651810300899,0.2365507842514698
0.09231493567241988,0.7375492282487195
0.6919324472194325,0.7829683155712571
0.9779314334906772,0.22766132578174614
0.778347003656871,0.556354862574619
0.1856272498766648,0.5140426126514378
0.6239804889625497,0.7080767808796462
0.40095320077884655,0.8048922614296589
0.5440832895962151,0.6769046193752968
0.7886780677406628,0.1325702949312575
0.9748345359729718,0.7315630229784762
0.24049916783136283,0.20554163731447062
0.004434973780868323,0.5408708842702993
0.3671842570770608,0.19586297688557985
0.7794668347671255,0.07943511671296322
0.27075704161439207,0.23791011444582655
0.8458721131687934,0.26728243448325917
0.0691412515463683,0.017203385173872765
0.5558910405852485,0.29564116663568385
0.30372364794910944,0.8109516320073559
0.5638201509485739,0.05996782325640726
0.721193359136669,0.21044430675978065
0.8133196543931527,0.010774079192843344
0.14241174012744373,0.2921855219899334
0.14590302175080871,0.966503928140331
0.9260303112778882,0.9402151707339187
0.7100281802862825,0.11952369455854739
0.9431536171372633,0.7819311035638078
0.9726032224012545,0.17615272761331502
0.8328339319076641,0.40882412883869834
0.7496975947903731,0.2622175186261052
0.8070722387799184,0.8276704109125
0.18212280934322878,0.7720180992678245
0.7162389911042049,0.5234273047062874
0.3942380341060553,0.27304279807357856
0.9290883335784736,0.549637116007865
0.8134299239572889,0.74092924683948
0.47488667774211335,0.8905263477502205
0.8268044831244148,0.924382498446764
0.22176772286966173,0.989506322488059
0.11682033544416459,0.8607220514777914
0.0719638130847674,0.816570939475491
0.8694421693458927,0.09163822133377564
0.5808028857007572,0.9965794633964458
0.19446856267529833,0.5827599634909468
0.06915987239577714,0.10244148200780245
0.5890142969807485,0.8974614215357034
0.5052331814469724,0.6575934642228687
0.6405532179224774,0.7904164769350934
0.04037849176389663,0.8715750599553878
0.9286631718755494,0.7079672765808905
0.5725545674786583,0.008105694764316329
0.038684030596708996,0.7393159592732306
0.959363523384515,0.3519056613043867
0.22604522081863565,0.8629380251623142
0.8281764082319327,0.2900650194726564
0.7200269411837985,0.9212117507786008
0.6475557735131567,0.9071941672810933
0.09574406853891548,0.6817292319723555
0.4925788150122099,0.2821425506003473
0.08145177015430582,0.5923702713806662
0.9899829195726926,0.6381298358343948
0.9227085750361829,0.33692132160409327
0.5929415758047438,0.7680906637306185
0.6725697285392878,0.3806728846566604
0.45804269946099563,0.6927105102653097
0.4941022284591563,0.48877698555335014
0.7696782832085762,0.24634474152554287
0.2557013066510333,0.4852908590168168
0.6618145652747275,0.25305653554306895
0.4196226218279163,0.354787512046849
0.169646146280924,0.5554160856724019
0.9535172000946882,0.7657857756894559
0.9967815712514897,0.6569685615813795
0.19885610878536875,0.6481882343989612
0.36676188990486647,0.4542802643988093
0.1786838514890433,0.9106576124167539
0.506448649045297,0.08469897953470173
0.22923833823917728,0.5555750931194218
0.165655439892477,0.7691078453424625
0.33523979094435685,0.2897675064767574
0.5060707570225126,0.04068789174281584
0.8593854031775391,0.5596297161442186
0.3719607402666808,0.3700231062761943
0.33174027705466314,0.6801837340149357
0.7327611885172759,0.43573346557044634
0.9303985368760036,0.19898388574031523
0.13344631953094743,0.944865182413277
0.9443841734618083,0.09445363118149086
0.6166923925176531,0.369475371236078
0.07875450573199105,0.7102900171385301
0.3844396770217088,0.7323864906841973
0.230881993388397,0.5838533956993707
0.05175992779307037,0.19252882487320677
0.600895238186103,0.4875385693140313
0.9340023829999515,0.04743174198253508
0.024444689332629,0.11331139477786378
0.9258639474363666,0.7950162494304956
0.9394019075166208,0.43598562346604086
0.18399387926407362,0.5001420992970596
0.01077948144824814,0.034619714147135716
0.7364757369312352,0.9828884071242654
0.8951840526875587,0.606436170944453
0.5598584433788125,0.04294722284778618
0.14247834714795704,0.42525982620078406
0.6162446265734733,0.36612768702515197
0.06563551064506634,0.7349329715134328
0.358319202141382,0.17350798675440138
0.6597073995637215,0.9705504775271355
0.48390517381294484,0.3730382142935701
0.5498521738971285,0.9680145455640773
0.3777527967003744,0.12071843327994658
0.3477401384976282,0.042078910177223094
0.5009818473303201,0.8910338701674798
0.8846941277426792,0.12653000165180894
0.7169995280010671,0.6440546043237974
0.9601795329279139,0.5381456071115563
0.3027140917759136,0.9084864154370823
0.13570868376481982,0.7302855808392353
0.7960377938518274,0.29701492383032535
0.9071275898460829,0.893991323469236
0.6245848782290726,0.4863735027959303
0.06565713395244754,0.19284101639961526
0.5036311740880883,0.7800579653498989
0.5885094699374057,0.6532041288595548
0.5949677984834865,0.3437985149099978
0.6779238669227236,0.27227613893479263
0.016066996011212753,0.16309922228097595
0.6859208798130607,0.12165331454369399
0.17790015038031448,0.9196356888262899
0.262887312627589,0.8447516217898892
0.9428751319030065,0.494235785204165
0.9787865929657856,0.33341754772924814
0.9197044182463165,0.08165344509190176
0.4719861406856396,0.4230866566317757
0.9807952931123769,0.5412668498478742
0.9458060393389338,0.31438691845090516
0.908341287097675,0.36128675185477355
0.20422741547350043,0.8503535262988811
0.38862595380584597,0.31861100753409877
0.15204427369957474,0.6743349574881465
0.6693841753701765,0.049959873278539346
0.33415661995407353,0.09768911357532695
0.4439461702052787,0.8886523460388062
0.296210682928268,0.012041053360049014
0.3824665378147458,0.636467317134033
0.603562605046817,0.6994147057228081
0.8475467899941223,0.9566251498405215
0.29499666536388947,0.11838532962709003
0.16169189388894611,0.7032315174034095
0.8084632858473295,0.8682665830036294
0.2572678713761316,0.37403493276389765
0.8680642629711698,0.03836827282738153
0.94848700236313,0.1705162215942474
0.1619322417283553,0.7057657837301072
0.568828455079879,0.6421809336885059
0.9379398688059732,0.2526207725068633
0.3500117324980828,0.08560311421122646
0.7274564604646154,0.44454255145458776
0.14530637040129657,0.8679784610817749
0.49609220035973123,0.21832457318979126
0.7821360541443467,0.29638846954702225
0.59481739385912,0.6413338205469883
0.1187099837702813,0.3082797063130429
0.09717282603376898,0.29140066360318817
0.5672391705015787,0.0221648003685172
0.5887384688159516,0.2689108056979195
0.09892419835583632,0.1516602389933862
0.3617756060963728,0.024394105577871472
0.25223890071149735,0.13833709582534814
0.653491120451883,0.28738898027411786
0.8605833673327996,0.04420731801047606
0.580852991631851,0.4547975934449775
0.3138843716683375,0.1725855676152689
0.7633421023639696,0.9124421163998736
0.34808649852810525,0.3458175002184054
0.8477901963211572,0.9109644131913526
0.06483787685790454,0.4222679564691948
0.6758077713854332,0.27356078560194275
0.8061237023754156,0.618752590390872
0.662201146261559,0.8863958771335307
0.4984299143043148,0.8049569478208223
0.5467811787273281,0.4321334007534401
0.6560140791774535,0.7514982658184917
0.7314860842403375,0.9769996442736665
0.6486914179004349,0.7580821967355517
0.574849626777216,0.7585348180192248
0.4199455989527241,0.267747708364399
0.013404744996503681,0.43169994044830295
0.3622594983838586,0.21999797852928393
0.8195909595019312,0.7292970791568771
0.16649314702901863,0.7214745148702886
0.858928017752096,0.3781639188934428
0.06054300442947158,0.06014631769075196
0.6247815082980668,0.3906488470745366
0.20586470760759423,0.18907922479055284
0.9567611577030725,0.550337702660118
0.6040579225380254,0.8069178950322818
0.04765529615467756,0.9323865306313271
0.646912445362475,0.8011081211050896
0.20839369566858323,0.16716425726502326
0.6015861911940665,0.6207354185059731
0.003543241840026856,0.7730085315052219
0.47511980333554926,0.8431617847248649
0.13756636668941802,0.14320761202190535
0.8392677280739067,0.17721955309892867
0.3476455426705908,0.3071487940214469
0.7954526421316476,0.10763612103616971
0.2380388223213986,0.9476491097531369
0.12017688524033165,0.411786678259056
0.7480338919351579,0.5795791146442302
0.11365115798453307,0.802536054132471
0.3414866829826244,0.5944275948123673
0.15791443244482706,0.31608457117725997
0.615987259860582,0.03177381950462155
0.8004925519694157,0.8075152720756468
0.7135758893873457,0.7674532933499224
0.48432090873145706,0.928696408826733
0.02283083190175228,0.3995273211903356
0.5898811130883929,0.5541706909764588
0.2772476642833136,0.6336701446347962
0.09832498517972488,0.1457551462452642
0.9156088711580034,0.8683623949975626
0.5391938044664397,0.17666509625487303
0.3008448311075861,0.4090282253151398
0.7115687217772961,0.10063900082830268
0.027295039510857322,0.4655347326318131
0.890179626882701,0.09284148160662475
0.8229822232355327,0.3650158264852593
0.2967705002484383,0.5361002032505138
0.5109470672808588,0.4202199614326573
0.5938810507532842,0.590612094119568
0.235411268285868,0.9389187855602403
0.1206086705299837,0.3163146444785425
0.3519659988437268,0.5242515429432826
0.7503955828343236,0.5577680616030041
0.412372506240969,0.00703485263997905
0.18558567448586805,0.05812950730651101
0.9083514988615318,0.12421336014423856
0.6781321527524298,0.207612022175084
0.48630136641853505,0.3659236976102983
0.7586612586086209,0.4282247837331793
0.1020381549781546,0.5394616864901761
0.9158119518520688,0.7273841976412351
0.7686456782801216,0.1490359275898706
0.22388319423321357,0.4640885780301639
0.6856308818050877,0.28476218802976927
0.150556561633588,0.9845065441588323
0.5508126880158042,0.5519340001002695
0.14666726127120022,0.1007420522031588
0.16643594894380875,0.0451005158566935
0.6906709294111241,0.01617107666365114
0.24022181124492148,0.43581240751509165
0.9935191504659628,0.878596161538525
0.5146180947405112,0.7653371278666727
0.18245215314317287,0.7111601268041526
0.6870534885778253,0.27204381194563254
0.2369825624657056,0.8825619696852285
0.7716924682284996,0.697336159829755
0.05332508203408837,0.4212155418879968
0.2732832859521296,0.9133409674910168
0.4339369513920658,0.898360399112206
0.3098619561194558,0.8588599884541168
0.48548262168908385,0.540521183729752
0.560681778735943,0.009908250002365615
0.38863702140213685,0.6014565083249611
0.09485593612089105,0.6565384764617122
0.2473694422670698,0.783612335474225
0.15142263926689148,0.37968884570585326
0.744340061296044,0.20911945366031903
0.15445868386453565,0.5823797834307181
0.3665422393356734,0.4956597816807097
0.30927838286574083,0.942422125978354
0.6700812996472647,0.273566896607326
0.8106939456606549,0.28317858786029493
0.7325938299690213,0.7531400742457455
0.7336645550582621,0.19972356920584833
0.5927379042415472,0.7727231933610941
0.25476665278079114,0.5771780222361627
0.3476448334740485,0.24139563879755133
0.8605846721962175,0.5507416343568402
0.23056580340267552,0.2082572692735981
0.7093995735055394,0.1881987298339033
0.764490084424787,0.40932978777991413
0.20495505137433923,0.47125570948598994
0.563391163649861,0.17814362989237442
0.13289015350620492,0.9124674197965856
0.3133436367159269,0.3772232600620494
0.31641748240160517,0.44656504361780147
0.3659218228395269,0.8772142555258664
0.9394762717303007,0.3283226441773216
0.6240753856005046,0.327606733581546
0.3211733876543952,0.736091284641041
0.4262048847829548,0.01439148662024492
0.8929140500234871,0.45015109152396415
0.9981277485105614,0.8729165793683689
0.7173737764075788,0.19264151433591736
0.804671059643372,0.36016298581216843
0.16785839361347854,0.19097496059542063
0.9608920849128091,0.04147524174440054
0.9901507259202372,0.611058313131351
0.9755010142678904,0.36208748010366965
0.7792096463785491,0.17504689854823396
0.4526456945800511,0.1228634743299929
0.7283438791705883,0.8098316004024045
0.8567470108016366,0.0750727920127855
0.8548602214329883,0.42703446981644055
0.5321830940391129,0.14049405638835233
0.7618654481363243,0.8512041206535405
0.6694456792761658,0.0740512045726166
0.4421003923127399,0.30565831434513646
0.645517259456445,0.14953985281212778
0.5761389726724462,0.7538672605349289
0.14240659065087435,0.11662037283957982
0.7902081296547796,0.6199482856802294
0.3935657073033032,0.53166520822641
0.08519136199079524,0.8786436718366644
0.3063087728965087,0.5024363986952067
0.41720527787079287,0.8369338573729684
0.17948549499332367,0.5703156560913332
0.028425678197274262,0.04608652718075601
0.08953604000535109,0.2302076117086953
0.10880584122774883,0.5360458165895104
0.3898902589415627,0.7780619671046671
0.09523019809438571,0.3224076748325563
0.9737898888399583,0.9802706386738679
0.30176393565418014,0.09302631661376015
0.2843481443047754,0.833679237844386
0.38078200720796673,0.014594199086017778
0.3921120005593466,0.7096939217392255
0.4680816573218488,0.857742043729263
0.6794501831201607,0.002916051859930713
0.24209909316706157,0.2473043789456959
0.9753358278140208,0.9756912677972883
0.8506527178674633,0.00985395081775886
0.30829399670660074,0.9821851308449951
0.6570177242144996,0.9445506881059699
0.47191793497130674,0.6623955932896947
0.17757970876043971,0.1748250907716582
0.16517688084220528,0.9266903805272708
0.16705384305767979,0.013302964410525697
0.8741741298754215,0.47328353431726367
0.32281963559767735,0.3625588978612677
0.6495681912070798,0.33199613009440365
0.41939883575415415,0.13536384774214494
0.31224056793811095,0.7929601000382249
0.29935469296791584,0.3888251052692002
0.7772577313393372,0.6081643075527776
0.611304120380991,0.965484372625665
0.010408432242173915,0.06942987633832132
0.8275358886636148,0.6204606522018978
0.4829031526354285,0.5498706233290591
0.8308420856796621,0.5905550503494963
